iso,claim,status,relation,result
AT,indicator:AT:C1,found,corroborates,corroborated
AT,indicator:AT:C2,found,corroborates,corroborated
AT,indicator:AT:K1,no_better_found,,
AT,indicator:AT:K2,no_better_found,,
AT,indicator:AT:L1,no_better_found,,
AT,indicator:AT:L2,no_better_found,,
AT,indicator:AT:L3,no_better_found,,
AT,record:AT:authentication_audit_log:register,no_better_found,,
AT,record:AT:beneficial_ownership:operator,found,fills_gap,filled_gap
AT,record:AT:beneficial_ownership:register,found,fills_gap,filled_gap
AT,record:AT:benefits_pensions:operator,found,fills_gap,filled_gap
AT,record:AT:benefits_pensions:register,found,fills_gap,filled_gap
AT,record:AT:border_control:register,found,fills_gap,filled_gap
AT,record:AT:breeder_documents:register,no_better_found,,
AT,record:AT:business_registry:count,found,fills_gap,filled_gap
AT,record:AT:business_registry:operator,found,fills_gap,filled_gap
AT,record:AT:business_registry:register,found,fills_gap,filled_gap
AT,record:AT:central_bank:register,found,fills_gap,filled_gap
AT,record:AT:civil_registry:operator,found,contradicts,corroborated
AT,record:AT:civil_registry:register,found,corroborates,review_disagreed
AT,record:AT:crisis_management:operator,found,fills_gap,filled_gap
AT,record:AT:crisis_management:register,found,fills_gap,filled_gap
AT,record:AT:customs:count,found,fills_gap,filled_gap
AT,record:AT:customs:operator,found,fills_gap,review_disagreed
AT,record:AT:customs:register,found,fills_gap,filled_gap
AT,record:AT:defence_command:register,no_better_found,,
AT,record:AT:digital_identity_credentials:operator,no_better_found,,
AT,record:AT:digital_identity_credentials:register,found,corroborates,corroborated
AT,record:AT:education:operator,found,fills_gap,filled_gap
AT,record:AT:education:register,found,fills_gap,filled_gap
AT,record:AT:electoral_management:operator,found,fills_gap,filled_gap
AT,record:AT:electoral_management:register,found,fills_gap,filled_gap
AT,record:AT:electoral_roll:count,found,corroborates,review_disagreed
AT,record:AT:electoral_roll:operator,no_better_found,,
AT,record:AT:electoral_roll:register,no_better_found,,
AT,record:AT:emergency_communications:register,found,fills_gap,filled_gap
AT,record:AT:facial_biometric:foreign_dependency,no_better_found,,
AT,record:AT:facial_biometric:foreign_dependency,no_better_found,,
AT,record:AT:facial_biometric:register,no_better_found,,
AT,record:AT:fingerprint_biometric:register,found,contradicts,corroborated
AT,record:AT:fingerprint_biometric:register,found,corrects,corroborated
AT,record:AT:firearms_register:operator,found,fills_gap,filled_gap
AT,record:AT:firearms_register:register,found,fills_gap,filled_gap
AT,record:AT:government_payroll:register,found,fills_gap,filled_gap
AT,record:AT:grid_control:operator,found,fills_gap,filled_gap
AT,record:AT:grid_control:register,found,fills_gap,filled_gap
AT,record:AT:health_insurance:operator,found,fills_gap,filled_gap
AT,record:AT:health_insurance:register,found,fills_gap,filled_gap
AT,record:AT:intelligence:register,found,fills_gap,filled_gap
AT,record:AT:issuance_history:foreign_dependency,no_better_found,,
AT,record:AT:issuance_history:foreign_dependency,found,corroborates,corroborated
AT,record:AT:issuance_history:register,found,corroborates,corroborated
AT,record:AT:judicial_criminal:operator,found,fills_gap,filled_gap
AT,record:AT:judicial_criminal:register,found,fills_gap,filled_gap
AT,record:AT:land_property:operator,found,fills_gap,review_disagreed
AT,record:AT:land_property:register,found,fills_gap,filled_gap
AT,record:AT:official_gazette:operator,found,fills_gap,filled_gap
AT,record:AT:official_gazette:register,found,fills_gap,filled_gap
AT,record:AT:police_records:register,found,fills_gap,filled_gap
AT,record:AT:public_finance:register,found,fills_gap,filled_gap
AT,record:AT:residence_permits:operator,found,corroborates,review_disagreed
AT,record:AT:residence_permits:register,found,corroborates,disputed
AT,record:AT:tax:operator,found,fills_gap,filled_gap
AT,record:AT:tax:register,found,fills_gap,filled_gap
AT,record:AT:trust_services_pki:count,found,upgrade,superseded_higher_tier
AT,record:AT:trust_services_pki:operator,found,corroborates,corroborated
AT,record:AT:trust_services_pki:register,no_better_found,,
AT,record:AT:vehicle_licensing:operator,found,fills_gap,filled_gap
AT,record:AT:vehicle_licensing:register,found,fills_gap,filled_gap
AT,record:AT:water_control:register,no_better_found,,
BE,indicator:BE:C1,found,fills_gap,corroborated
BE,indicator:BE:C2,found,fills_gap,corroborated
BE,indicator:BE:K1,found,supersedes,corroborated
BE,indicator:BE:K2,found,corroborates,corroborated
BE,indicator:BE:L1,not_reached,,
BE,indicator:BE:L2,found,supersedes,corroborated
BE,indicator:BE:L3,not_reached,,
BE,record:BE:authentication_audit_log:register,found,fills_gap,same_source
BE,record:BE:beneficial_ownership:register,found,fills_gap,filled_gap
BE,record:BE:benefits_pensions:register,found,fills_gap,filled_gap
BE,record:BE:border_control:register,not_reached,,
BE,record:BE:breeder_documents:operator,found,corroborates,corroborated
BE,record:BE:breeder_documents:register,found,corroborates,corroborated
BE,record:BE:business_registry:register,found,fills_gap,filled_gap
BE,record:BE:central_bank:register,found,fills_gap,filled_gap
BE,record:BE:civil_registry:operator,found,corroborates,corroborated
BE,record:BE:civil_registry:register,found,corroborates,corroborated
BE,record:BE:crisis_management:count,found,fills_gap,filled_gap
BE,record:BE:crisis_management:register,found,fills_gap,filled_gap
BE,record:BE:customs:register,no_better_found,,
BE,record:BE:defence_command:register,not_reached,,
BE,record:BE:digital_identity_credentials:operator,found,fills_gap,same_source
BE,record:BE:digital_identity_credentials:register,found,fills_gap,same_source
BE,record:BE:education:operator,found,fills_gap,filled_gap
BE,record:BE:education:register,found,fills_gap,filled_gap
BE,record:BE:electoral_management:register,found,fills_gap,not_verified
BE,record:BE:electoral_management:register,found,fills_gap,not_verified
BE,record:BE:electoral_roll:operator,found,fills_gap,not_verified
BE,record:BE:electoral_roll:register,found,fills_gap,not_verified
BE,record:BE:electoral_roll:register,found,fills_gap,not_verified
BE,record:BE:emergency_communications:count,found,fills_gap,filled_gap
BE,record:BE:emergency_communications:operator,found,fills_gap,filled_gap
BE,record:BE:emergency_communications:register,found,fills_gap,filled_gap
BE,record:BE:facial_biometric:register,found,corroborates,corroborated
BE,record:BE:fingerprint_biometric:register,found,corroborates,corroborated
BE,record:BE:firearms_register:operator,found,fills_gap,filled_gap
BE,record:BE:firearms_register:register,found,fills_gap,filled_gap
BE,record:BE:government_payroll:register,not_reached,,
BE,record:BE:grid_control:register,no_better_found,,
BE,record:BE:health_insurance:register,no_better_found,,
BE,record:BE:intelligence:operator,found,fills_gap,not_verified
BE,record:BE:intelligence:register,found,fills_gap,not_verified
BE,record:BE:intelligence:register,found,fills_gap,not_verified
BE,record:BE:issuance_history:register,found,upgrade,corroborated
BE,record:BE:judicial_criminal:register,found,fills_gap,filled_gap
BE,record:BE:land_property:operator,found,fills_gap,filled_gap
BE,record:BE:land_property:register,found,fills_gap,filled_gap
BE,record:BE:official_gazette:register,no_better_found,,
BE,record:BE:police_records:operator,found,fills_gap,review_disagreed
BE,record:BE:police_records:operator,found,fills_gap,review_disagreed
BE,record:BE:police_records:register,found,fills_gap,filled_gap
BE,record:BE:police_records:register,found,fills_gap,review_disagreed
BE,record:BE:public_finance:register,no_better_found,,
BE,record:BE:residence_permits:register,no_better_found,,
BE,record:BE:tax:register,no_better_found,,
BE,record:BE:trust_services_pki:operator,found,supersedes,corroborated
BE,record:BE:trust_services_pki:register,found,supersedes,corroborated
BE,record:BE:vehicle_licensing:operator,found,fills_gap,filled_gap
BE,record:BE:vehicle_licensing:register,found,fills_gap,filled_gap
BE,record:BE:water_control:register,not_reached,,
BG,indicator:BG:C1,found,corroborates,corroborated
BG,indicator:BG:C1,found,corrects,same_source
BG,indicator:BG:C2,found,fills_gap,same_source
BG,indicator:BG:K1,no_better_found,,
BG,indicator:BG:K2,found,contradicts,below_T2
BG,indicator:BG:K2,found,corrects,below_T2
BG,indicator:BG:L1,no_better_found,,
BG,indicator:BG:L2,found,fills_gap,review_disagreed
BG,indicator:BG:L3,not_reached,,
BG,record:BG:beneficial_ownership:register,not_reached,,
BG,record:BG:border_control:operator,found,fills_gap,filled_gap
BG,record:BG:border_control:register,no_better_found,,
BG,record:BG:border_control:register,found,fills_gap,corroborated
BG,record:BG:border_control:register,found,fills_gap,filled_gap
BG,record:BG:business_registry:foreign_dependency,not_reached,,
BG,record:BG:business_registry:register,no_better_found,,
BG,record:BG:central_bank:operator,found,fills_gap,filled_gap
BG,record:BG:central_bank:register,found,fills_gap,filled_gap
BG,record:BG:civil_registry:operator,found,fills_gap,not_verified
BG,record:BG:civil_registry:operator,found,fills_gap,review_disagreed
BG,record:BG:civil_registry:register,found,fills_gap,not_verified
BG,record:BG:civil_registry:register,found,fills_gap,not_verified
BG,record:BG:crisis_management:operator,found,upgrade,corroborated
BG,record:BG:crisis_management:register,found,upgrade,corroborated
BG,record:BG:customs:register,no_better_found,,
BG,record:BG:customs:register,found,corrects,corrected_withheld
BG,record:BG:defence_command:register,not_reached,,
BG,record:BG:digital_identity_credentials:operator,not_reached,,
BG,record:BG:education:register,not_reached,,
BG,record:BG:electoral_management:operator,found,fills_gap,holding_not_established
BG,record:BG:electoral_roll:operator,found,fills_gap,review_disagreed
BG,record:BG:electoral_roll:register,found,fills_gap,filled_gap
BG,record:BG:emergency_communications:count,found,fills_gap,filled_gap
BG,record:BG:emergency_communications:register,found,fills_gap,filled_gap
BG,record:BG:facial_biometric:operator,no_better_found,,
BG,record:BG:fingerprint_biometric:register,found,corroborates,review_disagreed
BG,record:BG:geospatial:register,not_reached,,
BG,record:BG:government_payroll:register,not_reached,,
BG,record:BG:grid_control:register,not_reached,,
BG,record:BG:health_records:count,found,fills_gap,review_disagreed
BG,record:BG:health_records:register,found,corroborates,corroborated
BG,record:BG:intelligence:register,not_reached,,
BG,record:BG:issuance_history:operator,not_reached,,
BG,record:BG:judicial_criminal:operator,found,corroborates,not_verified
BG,record:BG:judicial_criminal:operator,found,supersedes,not_verified
BG,record:BG:land_property:foreign_dependency,not_reached,,
BG,record:BG:land_property:operator,not_reached,,
BG,record:BG:land_property:register,not_reached,,
BG,record:BG:official_gazette:register,not_reached,,
BG,record:BG:police_records:register,found,fills_gap,filled_gap
BG,record:BG:public_finance:operator,no_better_found,,
BG,record:BG:public_finance:register,no_better_found,,
BG,record:BG:residence_permits:operator,not_reached,,
BG,record:BG:statistics_microdata:register,not_reached,,
BG,record:BG:tax:register,not_reached,,
BG,record:BG:trust_services_pki:operator,not_reached,,
BG,record:BG:trust_services_pki:register,not_reached,,
BG,record:BG:vehicle_licensing:operator,found,fills_gap,filled_gap
BG,record:BG:vehicle_licensing:register,found,fills_gap,filled_gap
BG,record:BG:water_control:register,not_reached,,
CY,indicator:CY:C1,found,supersedes,review_disagreed
CY,indicator:CY:C2,found,supersedes,review_disagreed
CY,indicator:CY:K1,found,supersedes,review_disagreed
CY,indicator:CY:K2,found,supersedes,review_disagreed
CY,indicator:CY:L1,no_better_found,,
CY,indicator:CY:L2,found,fills_gap,not_verified
CY,indicator:CY:L3,no_better_found,,
CY,record:CY:authentication_audit_log:register,no_better_found,,
CY,record:CY:beneficial_ownership:operator,found,fills_gap,corroborated
CY,record:CY:beneficial_ownership:register,found,fills_gap,corroborated
CY,record:CY:benefits_pensions:operator,found,fills_gap,corroborated
CY,record:CY:benefits_pensions:register,found,fills_gap,superseded_higher_tier
CY,record:CY:border_control:operator,found,fills_gap,superseded_higher_tier
CY,record:CY:border_control:register,found,fills_gap,review_disagreed
CY,record:CY:breeder_documents:register,no_better_found,,
CY,record:CY:business_registry:register,found,fills_gap,corroborated
CY,record:CY:central_bank:register,found,corroborates,review_disagreed
CY,record:CY:civil_registry:register,found,fills_gap,superseded_higher_tier
CY,record:CY:crisis_management:register,no_better_found,,
CY,record:CY:customs:register,found,corroborates,not_verified
CY,record:CY:customs:register,found,supersedes,review_disagreed
CY,record:CY:defence_command:register,no_better_found,,
CY,record:CY:digital_identity_credentials:register,found,fills_gap,superseded_higher_tier
CY,record:CY:education:operator,found,fills_gap,review_disagreed
CY,record:CY:education:register,found,fills_gap,filled_gap
CY,record:CY:electoral_management:register,found,fills_gap,filled_gap
CY,record:CY:electoral_roll:register,found,fills_gap,superseded_higher_tier
CY,record:CY:emergency_communications:foreign_dependency,no_better_found,,
CY,record:CY:emergency_communications:foreign_dependency,no_better_found,,
CY,record:CY:emergency_communications:register,no_better_found,,
CY,record:CY:facial_biometric:register,no_better_found,,
CY,record:CY:facial_biometric:register,no_better_found,,
CY,record:CY:fingerprint_biometric:register,no_better_found,,
CY,record:CY:fingerprint_biometric:register,no_better_found,,
CY,record:CY:firearms_register:register,no_better_found,,
CY,record:CY:government_payroll:register,no_better_found,,
CY,record:CY:grid_control:register,no_better_found,,
CY,record:CY:health_insurance:operator,found,fills_gap,corroborated
CY,record:CY:health_insurance:register,found,fills_gap,corroborated
CY,record:CY:intelligence:register,no_better_found,,
CY,record:CY:issuance_history:register,found,fills_gap,superseded_higher_tier
CY,record:CY:judicial_criminal:register,found,fills_gap,superseded_higher_tier
CY,record:CY:land_property:operator,found,fills_gap,corroborated
CY,record:CY:land_property:register,found,fills_gap,superseded_higher_tier
CY,record:CY:official_gazette:register,found,fills_gap,corroborated
CY,record:CY:police_records:register,no_better_found,,
CY,record:CY:public_finance:operator,found,fills_gap,superseded_higher_tier
CY,record:CY:public_finance:register,found,fills_gap,superseded_higher_tier
CY,record:CY:residence_permits:register,found,fills_gap,superseded_higher_tier
CY,record:CY:statistics_microdata:register,found,upgrade,review_disagreed
CY,record:CY:tax:operator,found,fills_gap,corroborated
CY,record:CY:tax:register,found,fills_gap,superseded_higher_tier
CY,record:CY:trust_services_pki:operator,found,fills_gap,holding_not_established
CY,record:CY:trust_services_pki:register,found,fills_gap,not_verified
CY,record:CY:trust_services_pki:register,found,fills_gap,review_disagreed
CY,record:CY:vehicle_licensing:operator,found,fills_gap,superseded_higher_tier
CY,record:CY:vehicle_licensing:register,found,fills_gap,corroborated
CY,record:CY:water_control:register,no_better_found,,
CZ,indicator:CZ:C1,no_better_found,,
CZ,indicator:CZ:C2,no_better_found,,
CZ,indicator:CZ:K1,found,corroborates,corroborated
CZ,indicator:CZ:K2,found,corroborates,corroborated
CZ,indicator:CZ:L1,found,upgrade,corroborated
CZ,indicator:CZ:L2,found,upgrade,corroborated
CZ,indicator:CZ:L3,found,fills_gap,filled_gap
CZ,record:CZ:authentication_audit_log:register,found,upgrade,corroborated
CZ,record:CZ:beneficial_ownership:operator,found,upgrade,review_disagreed
CZ,record:CZ:beneficial_ownership:register,found,upgrade,review_disagreed
CZ,record:CZ:benefits_pensions:operator,found,upgrade,corroborated
CZ,record:CZ:benefits_pensions:register,found,upgrade,corroborated
CZ,record:CZ:border_control:operator,found,upgrade,corroborated
CZ,record:CZ:border_control:operator,found,corrects,review_disagreed
CZ,record:CZ:border_control:register,found,upgrade,review_disagreed
CZ,record:CZ:breeder_documents:operator,found,corrects,corroborated
CZ,record:CZ:breeder_documents:operator,found,supersedes,superseded_higher_tier
CZ,record:CZ:breeder_documents:register,found,upgrade,corroborated
CZ,record:CZ:business_registry:operator,found,corrects,not_verified
CZ,record:CZ:business_registry:operator,found,upgrade,review_disagreed
CZ,record:CZ:business_registry:register,found,upgrade,corroborated
CZ,record:CZ:central_bank:count,found,fills_gap,filled_gap
CZ,record:CZ:central_bank:operator,found,fills_gap,filled_gap
CZ,record:CZ:central_bank:register,found,fills_gap,filled_gap
CZ,record:CZ:civil_registry:register,found,fills_gap,filled_gap
CZ,record:CZ:crisis_management:operator,found,upgrade,corroborated
CZ,record:CZ:crisis_management:register,found,upgrade,review_disagreed
CZ,record:CZ:customs:operator,found,corrects,not_verified
CZ,record:CZ:customs:operator,found,upgrade,review_disagreed
CZ,record:CZ:customs:register,found,supersedes,review_disagreed
CZ,record:CZ:defence_command:register,no_better_found,,
CZ,record:CZ:digital_identity_credentials:register,found,upgrade,corroborated
CZ,record:CZ:education:register,found,fills_gap,filled_gap
CZ,record:CZ:electoral_management:operator,found,upgrade,review_disagreed
CZ,record:CZ:electoral_management:register,found,upgrade,superseded_higher_tier
CZ,record:CZ:electoral_roll:operator,found,upgrade,corroborated
CZ,record:CZ:electoral_roll:register,found,upgrade,corroborated
CZ,record:CZ:emergency_communications:count,found,corroborates,corroborated
CZ,record:CZ:emergency_communications:operator,found,corroborates,superseded_later_same_authority
CZ,record:CZ:emergency_communications:register,found,corroborates,review_disagreed
CZ,record:CZ:facial_biometric:operator,no_better_found,,
CZ,record:CZ:facial_biometric:register,found,upgrade,corroborated
CZ,record:CZ:fingerprint_biometric:register,found,corroborates,review_disagreed
CZ,record:CZ:fingerprint_biometric:register,found,corrects,review_disagreed
CZ,record:CZ:firearms_register:operator,no_better_found,,
CZ,record:CZ:firearms_register:register,found,upgrade,review_disagreed
CZ,record:CZ:geospatial:operator,found,upgrade,superseded_higher_tier
CZ,record:CZ:geospatial:register,no_better_found,,
CZ,record:CZ:government_payroll:operator,found,upgrade,corroborated
CZ,record:CZ:government_payroll:register,found,upgrade,corroborated
CZ,record:CZ:grid_control:register,no_better_found,,
CZ,record:CZ:grid_control:register,found,fills_gap,not_verified
CZ,record:CZ:health_insurance:register,found,upgrade,corroborated
CZ,record:CZ:health_records:register,found,upgrade,corroborated
CZ,record:CZ:intelligence:register,no_better_found,,
CZ,record:CZ:issuance_history:operator,no_better_found,,
CZ,record:CZ:issuance_history:register,found,upgrade,corroborated
CZ,record:CZ:judicial_criminal:operator,found,upgrade,corroborated
CZ,record:CZ:judicial_criminal:register,found,upgrade,corroborated
CZ,record:CZ:land_property:count,no_better_found,,
CZ,record:CZ:land_property:operator,found,upgrade,corroborated
CZ,record:CZ:land_property:register,no_better_found,,
CZ,record:CZ:official_gazette:operator,found,fills_gap,filled_gap
CZ,record:CZ:official_gazette:register,found,fills_gap,filled_gap
CZ,record:CZ:police_records:register,no_better_found,,
CZ,record:CZ:public_finance:register,found,fills_gap,filled_gap
CZ,record:CZ:public_health_surveillance:operator,found,upgrade,corroborated
CZ,record:CZ:public_health_surveillance:register,found,upgrade,corroborated
CZ,record:CZ:residence_permits:register,found,upgrade,corroborated
CZ,record:CZ:tax:register,found,supersedes,corroborated
CZ,record:CZ:trust_services_pki:operator,found,upgrade,corroborated
CZ,record:CZ:vehicle_licensing:operator,found,upgrade,corroborated
CZ,record:CZ:vehicle_licensing:register,no_better_found,,
CZ,record:CZ:water_control:register,no_better_found,,
DE,indicator:DE:C1,found,corroborates,corroborated
DE,indicator:DE:C2,found,supersedes,corroborated
DE,indicator:DE:C2,found,corroborates,corroborated
DE,indicator:DE:K1,no_better_found,,
DE,indicator:DE:K2,no_better_found,,
DE,indicator:DE:K2,found,corrects,corroborated
DE,indicator:DE:L1,no_better_found,,
DE,indicator:DE:L2,found,corroborates,corroborated
DE,indicator:DE:L3,no_better_found,,
DE,record:DE:authentication_audit_log:register,not_reached,,
DE,record:DE:beneficial_ownership:register,found,fills_gap,filled_gap
DE,record:DE:border_control:operator,no_better_found,,
DE,record:DE:breeder_documents:operator,no_better_found,,
DE,record:DE:business_registry:operator,found,fills_gap,filled_gap
DE,record:DE:business_registry:register,found,fills_gap,filled_gap
DE,record:DE:central_bank:operator,found,fills_gap,filled_gap
DE,record:DE:central_bank:register,found,fills_gap,filled_gap
DE,record:DE:civil_registry:operator,no_better_found,,
DE,record:DE:civil_registry:operator,found,corrects,corroborated
DE,record:DE:civil_registry:register,no_better_found,,
DE,record:DE:crisis_management:register,no_better_found,,
DE,record:DE:customs:register,no_better_found,,
DE,record:DE:defence_command:register,not_reached,,
DE,record:DE:digital_identity_credentials:foreign_dependency,no_better_found,,
DE,record:DE:digital_identity_credentials:register,found,corroborates,corroborated
DE,record:DE:education:register,not_reached,,
DE,record:DE:electoral_management:register,not_reached,,
DE,record:DE:electoral_roll:operator,found,fills_gap,filled_gap
DE,record:DE:electoral_roll:register,found,fills_gap,filled_gap
DE,record:DE:emergency_communications:operator,found,fills_gap,filled_gap
DE,record:DE:emergency_communications:register,found,fills_gap,filled_gap
DE,record:DE:facial_biometric:operator,no_better_found,,
DE,record:DE:fingerprint_biometric:register,no_better_found,,
DE,record:DE:firearms_register:operator,found,fills_gap,filled_gap
DE,record:DE:firearms_register:register,found,fills_gap,filled_gap
DE,record:DE:government_payroll:register,not_reached,,
DE,record:DE:grid_control:register,not_reached,,
DE,record:DE:health_insurance:operator,found,fills_gap,filled_gap
DE,record:DE:health_insurance:register,found,fills_gap,filled_gap
DE,record:DE:issuance_history:operator,no_better_found,,
DE,record:DE:issuance_history:register,no_better_found,,
DE,record:DE:judicial_criminal:operator,found,fills_gap,filled_gap
DE,record:DE:judicial_criminal:register,found,fills_gap,filled_gap
DE,record:DE:land_property:operator,found,fills_gap,filled_gap
DE,record:DE:land_property:register,found,fills_gap,filled_gap
DE,record:DE:land_property:register,found,fills_gap,review_disagreed
DE,record:DE:national_archives:register,no_better_found,,
DE,record:DE:official_gazette:operator,found,fills_gap,filled_gap
DE,record:DE:official_gazette:register,found,fills_gap,filled_gap
DE,record:DE:police_records:operator,found,fills_gap,filled_gap
DE,record:DE:police_records:register,found,fills_gap,filled_gap
DE,record:DE:public_finance:register,found,fills_gap,filled_gap
DE,record:DE:residence_permits:operator,no_better_found,,
DE,record:DE:residence_permits:register,no_better_found,,
DE,record:DE:tax:register,found,fills_gap,filled_gap
DE,record:DE:trust_services_pki:foreign_dependency,no_better_found,,
DE,record:DE:trust_services_pki:register,no_better_found,,
DE,record:DE:vehicle_licensing:operator,found,fills_gap,filled_gap
DE,record:DE:vehicle_licensing:register,found,fills_gap,corroborated
DE,record:DE:vehicle_licensing:register,found,fills_gap,filled_gap
DE,record:DE:water_control:register,not_reached,,
DK,indicator:DK:C1,found,corroborates,corroborated
DK,indicator:DK:C2,found,corroborates,corroborated
DK,indicator:DK:K1,found,corroborates,corroborated
DK,indicator:DK:K2,found,corroborates,review_disagreed
DK,indicator:DK:L1,found,fills_gap,filled_gap
DK,indicator:DK:L2,no_better_found,,
DK,indicator:DK:L3,no_better_found,,
DK,record:DK:authentication_audit_log:count,found,corroborates,review_disagreed
DK,record:DK:authentication_audit_log:foreign_dependency,found,fills_gap,not_verified
DK,record:DK:authentication_audit_log:operator,found,corroborates,corroborated
DK,record:DK:authentication_audit_log:register,found,corroborates,corroborated
DK,record:DK:beneficial_ownership:register,no_better_found,,
DK,record:DK:benefits_pensions:operator,found,fills_gap,holding_not_established
DK,record:DK:benefits_pensions:register,found,fills_gap,not_verified
DK,record:DK:benefits_pensions:register,found,fills_gap,review_disagreed
DK,record:DK:border_control:operator,found,fills_gap,filled_gap
DK,record:DK:border_control:register,found,fills_gap,filled_gap
DK,record:DK:breeder_documents:register,no_better_found,,
DK,record:DK:business_registry:operator,found,fills_gap,review_disagreed
DK,record:DK:business_registry:register,found,fills_gap,filled_gap
DK,record:DK:business_registry:register,found,fills_gap,review_disagreed
DK,record:DK:central_bank:foreign_dependency,found,corroborates,corroborated
DK,record:DK:central_bank:register,found,corroborates,corroborated
DK,record:DK:civil_registry:count,no_better_found,,
DK,record:DK:civil_registry:foreign_dependency,found,fills_gap,not_verified
DK,record:DK:civil_registry:operator,found,contradicts,corroborated
DK,record:DK:civil_registry:register,no_better_found,,
DK,record:DK:crisis_management:count,found,fills_gap,review_disagreed
DK,record:DK:crisis_management:register,found,fills_gap,filled_gap
DK,record:DK:customs:register,no_better_found,,
DK,record:DK:defence_command:register,no_better_found,,
DK,record:DK:digital_identity_credentials:count,found,fills_gap,filled_gap
DK,record:DK:digital_identity_credentials:count,found,fills_gap,review_disagreed
DK,record:DK:digital_identity_credentials:foreign_dependency,found,fills_gap,not_verified
DK,record:DK:digital_identity_credentials:operator,found,fills_gap,not_verified
DK,record:DK:digital_identity_credentials:register,found,fills_gap,filled_gap
DK,record:DK:digital_identity_credentials:register,found,fills_gap,not_verified
DK,record:DK:education:count,found,fills_gap,filled_gap
DK,record:DK:education:register,found,fills_gap,filled_gap
DK,record:DK:electoral_management:register,no_better_found,,
DK,record:DK:electoral_roll:register,found,fills_gap,filled_gap
DK,record:DK:electoral_roll:register,found,fills_gap,not_verified
DK,record:DK:emergency_communications:operator,no_better_found,,
DK,record:DK:emergency_communications:operator,found,corrects,corroborated
DK,record:DK:emergency_communications:register,found,corroborates,review_disagreed
DK,record:DK:facial_biometric:operator,found,upgrade,corroborated
DK,record:DK:facial_biometric:register,found,upgrade,review_disagreed
DK,record:DK:fingerprint_biometric:operator,found,upgrade,corroborated
DK,record:DK:fingerprint_biometric:register,found,upgrade,review_disagreed
DK,record:DK:firearms_register:operator,found,corroborates,corroborated
DK,record:DK:firearms_register:register,found,corroborates,corroborated
DK,record:DK:geospatial:register,no_better_found,,
DK,record:DK:government_payroll:count,found,fills_gap,filled_gap
DK,record:DK:government_payroll:operator,found,fills_gap,filled_gap
DK,record:DK:government_payroll:register,found,fills_gap,filled_gap
DK,record:DK:grid_control:register,no_better_found,,
DK,record:DK:health_insurance:register,found,fills_gap,filled_gap
DK,record:DK:health_records:foreign_dependency,found,fills_gap,not_verified
DK,record:DK:health_records:register,found,corroborates,corroborated
DK,record:DK:intelligence:register,no_better_found,,
DK,record:DK:issuance_history:foreign_dependency,no_better_found,,
DK,record:DK:issuance_history:operator,no_better_found,,
DK,record:DK:issuance_history:register,found,corroborates,corroborated
DK,record:DK:judicial_criminal:foreign_dependency,no_better_found,,
DK,record:DK:judicial_criminal:operator,found,supersedes,not_verified
DK,record:DK:judicial_criminal:register,found,upgrade,corroborated
DK,record:DK:land_property:register,found,fills_gap,filled_gap
DK,record:DK:land_property:register,found,fills_gap,not_verified
DK,record:DK:national_archives:register,found,fills_gap,filled_gap
DK,record:DK:official_gazette:operator,found,fills_gap,review_disagreed
DK,record:DK:official_gazette:register,found,fills_gap,review_disagreed
DK,record:DK:official_gazette:register,found,fills_gap,review_disagreed
DK,record:DK:police_records:foreign_dependency,no_better_found,,
DK,record:DK:police_records:register,found,corroborates,corroborated
DK,record:DK:public_finance:register,no_better_found,,
DK,record:DK:public_health_surveillance:register,no_better_found,,
DK,record:DK:residence_permits:operator,no_better_found,,
DK,record:DK:residence_permits:register,no_better_found,,
DK,record:DK:statistics_microdata:register,found,fills_gap,filled_gap
DK,record:DK:tax:operator,found,fills_gap,filled_gap
DK,record:DK:tax:register,found,fills_gap,filled_gap
DK,record:DK:tax:register,found,fills_gap,not_verified
DK,record:DK:trust_services_pki:operator,no_better_found,,
DK,record:DK:trust_services_pki:register,no_better_found,,
DK,record:DK:vehicle_licensing:register,no_better_found,,
DK,record:DK:water_control:count,found,fills_gap,review_disagreed
DK,record:DK:water_control:operator,found,fills_gap,review_disagreed
DK,record:DK:water_control:register,no_better_found,,
DK,record:DK:water_control:register,found,fills_gap,filled_gap
EE,indicator:EE:C1,found,corroborates,corroborated
EE,indicator:EE:C2,found,corroborates,corroborated
EE,indicator:EE:C2,found,supersedes,corroborated
EE,indicator:EE:K1,found,fills_gap,filled_gap
EE,indicator:EE:K2,found,fills_gap,filled_gap
EE,indicator:EE:L1,no_better_found,,
EE,indicator:EE:L2,found,upgrade,corroborated
EE,indicator:EE:L3,not_reached,,
EE,record:EE:authentication_audit_log:operator,found,fills_gap,filled_gap
EE,record:EE:authentication_audit_log:register,found,fills_gap,filled_gap
EE,record:EE:beneficial_ownership:operator,found,fills_gap,filled_gap
EE,record:EE:beneficial_ownership:register,found,fills_gap,filled_gap
EE,record:EE:benefits_pensions:operator,found,fills_gap,filled_gap
EE,record:EE:benefits_pensions:register,no_better_found,,
EE,record:EE:benefits_pensions:register,found,fills_gap,filled_gap
EE,record:EE:border_control:operator,found,fills_gap,filled_gap
EE,record:EE:border_control:register,found,fills_gap,filled_gap
EE,record:EE:breeder_documents:register,no_better_found,,
EE,record:EE:business_registry:operator,found,fills_gap,filled_gap
EE,record:EE:business_registry:register,found,fills_gap,filled_gap
EE,record:EE:central_bank:register,no_better_found,,
EE,record:EE:civil_registry:operator,found,fills_gap,filled_gap
EE,record:EE:civil_registry:register,found,fills_gap,filled_gap
EE,record:EE:crisis_management:register,found,fills_gap,filled_gap
EE,record:EE:customs:register,found,fills_gap,filled_gap
EE,record:EE:defence_command:register,not_reached,,
EE,record:EE:digital_identity_credentials:operator,found,fills_gap,holding_not_established
EE,record:EE:education:operator,found,fills_gap,filled_gap
EE,record:EE:education:register,found,fills_gap,filled_gap
EE,record:EE:electoral_management:operator,found,fills_gap,filled_gap
EE,record:EE:electoral_management:register,found,fills_gap,filled_gap
EE,record:EE:electoral_roll:register,found,fills_gap,filled_gap
EE,record:EE:emergency_communications:operator,found,corrects,corroborated
EE,record:EE:emergency_communications:operator,found,fills_gap,filled_gap
EE,record:EE:emergency_communications:register,found,fills_gap,filled_gap
EE,record:EE:facial_biometric:foreign_dependency,found,fills_gap,review_disagreed
EE,record:EE:facial_biometric:operator,found,corroborates,corroborated
EE,record:EE:facial_biometric:register,found,contradicts,corroborated
EE,record:EE:facial_biometric:register,found,corrects,same_source
EE,record:EE:fingerprint_biometric:operator,found,corrects,corroborated
EE,record:EE:fingerprint_biometric:operator,found,fills_gap,filled_gap
EE,record:EE:fingerprint_biometric:register,found,fills_gap,filled_gap
EE,record:EE:firearms_register:register,found,fills_gap,filled_gap
EE,record:EE:government_payroll:register,found,fills_gap,filled_gap
EE,record:EE:grid_control:register,found,fills_gap,filled_gap
EE,record:EE:health_insurance:operator,found,fills_gap,filled_gap
EE,record:EE:health_insurance:register,found,fills_gap,filled_gap
EE,record:EE:intelligence:register,not_reached,,
EE,record:EE:issuance_history:count,found,fills_gap,filled_gap
EE,record:EE:issuance_history:operator,found,fills_gap,filled_gap
EE,record:EE:issuance_history:register,found,fills_gap,filled_gap
EE,record:EE:judicial_criminal:operator,found,corrects,corroborated
EE,record:EE:judicial_criminal:operator,found,fills_gap,filled_gap
EE,record:EE:judicial_criminal:register,found,fills_gap,filled_gap
EE,record:EE:land_property:register,found,fills_gap,filled_gap
EE,record:EE:official_gazette:operator,found,fills_gap,filled_gap
EE,record:EE:official_gazette:register,found,fills_gap,filled_gap
EE,record:EE:police_records:operator,found,fills_gap,filled_gap
EE,record:EE:police_records:register,found,fills_gap,filled_gap
EE,record:EE:public_finance:register,found,fills_gap,filled_gap
EE,record:EE:residence_permits:operator,found,fills_gap,filled_gap
EE,record:EE:residence_permits:register,found,fills_gap,filled_gap
EE,record:EE:tax:operator,found,fills_gap,filled_gap
EE,record:EE:tax:register,found,fills_gap,filled_gap
EE,record:EE:trust_services_pki:operator,found,fills_gap,holding_not_established
EE,record:EE:vehicle_licensing:operator,found,fills_gap,holding_not_established
EE,record:EE:water_control:register,not_reached,,
EL,indicator:EL:C1,found,corroborates,corroborated
EL,indicator:EL:C2,found,upgrade,corroborated
EL,indicator:EL:C2,found,corroborates,corroborated
EL,indicator:EL:K1,found,corroborates,corroborated
EL,indicator:EL:K2,found,upgrade,corroborated
EL,indicator:EL:L1,no_better_found,,
EL,indicator:EL:L2,found,upgrade,review_disagreed
EL,indicator:EL:L3,no_better_found,,
EL,record:EL:authentication_audit_log:operator,not_reached,,
EL,record:EL:authentication_audit_log:register,not_reached,,
EL,record:EL:beneficial_ownership:register,found,upgrade,corroborated
EL,record:EL:beneficial_ownership:register,found,corroborates,corroborated
EL,record:EL:benefits_pensions:register,not_reached,,
EL,record:EL:border_control:operator,no_better_found,,
EL,record:EL:border_control:register,found,upgrade,superseded_higher_tier
EL,record:EL:breeder_documents:register,found,upgrade,corroborated
EL,record:EL:breeder_documents:register,found,corrects,review_disagreed
EL,record:EL:business_registry:operator,found,fills_gap,filled_gap
EL,record:EL:business_registry:register,found,fills_gap,filled_gap
EL,record:EL:business_registry:register,found,fills_gap,not_verified
EL,record:EL:central_bank:register,no_better_found,,
EL,record:EL:civil_registry:register,found,upgrade,corroborated
EL,record:EL:customs:foreign_dependency,not_reached,,
EL,record:EL:customs:register,not_reached,,
EL,record:EL:defence_command:register,no_better_found,,
EL,record:EL:digital_identity_credentials:foreign_dependency,not_reached,,
EL,record:EL:digital_identity_credentials:foreign_dependency,no_better_found,,
EL,record:EL:digital_identity_credentials:operator,found,upgrade,corroborated
EL,record:EL:digital_identity_credentials:register,not_reached,,
EL,record:EL:education:count,found,fills_gap,review_disagreed
EL,record:EL:education:operator,found,fills_gap,not_verified
EL,record:EL:education:register,found,fills_gap,filled_gap
EL,record:EL:electoral_management:register,found,upgrade,review_disagreed
EL,record:EL:electoral_roll:register,no_better_found,,
EL,record:EL:emergency_communications:register,no_better_found,,
EL,record:EL:facial_biometric:register,not_reached,,
EL,record:EL:fingerprint_biometric:register,not_reached,,
EL,record:EL:firearms_register:operator,found,fills_gap,filled_gap
EL,record:EL:firearms_register:register,found,fills_gap,filled_gap
EL,record:EL:government_payroll:count,not_reached,,
EL,record:EL:government_payroll:operator,not_reached,,
EL,record:EL:government_payroll:register,not_reached,,
EL,record:EL:grid_control:register,found,fills_gap,corroborated
EL,record:EL:grid_control:register,found,fills_gap,filled_gap
EL,record:EL:health_insurance:register,not_reached,,
EL,record:EL:health_records:foreign_dependency,not_reached,,
EL,record:EL:health_records:register,not_reached,,
EL,record:EL:intelligence:register,no_better_found,,
EL,record:EL:issuance_history:register,not_reached,,
EL,record:EL:judicial_criminal:register,found,upgrade,corroborated
EL,record:EL:judicial_criminal:register,found,corroborates,not_verified
EL,record:EL:land_property:foreign_dependency,not_reached,,
EL,record:EL:land_property:operator,found,upgrade,corroborated
EL,record:EL:land_property:operator,found,contradicts,not_verified
EL,record:EL:land_property:register,not_reached,,
EL,record:EL:national_archives:register,not_reached,,
EL,record:EL:official_gazette:operator,not_reached,,
EL,record:EL:official_gazette:register,not_reached,,
EL,record:EL:police_records:foreign_dependency,no_better_found,,
EL,record:EL:police_records:register,found,upgrade,corroborated
EL,record:EL:public_finance:register,not_reached,,
EL,record:EL:public_health_surveillance:register,found,upgrade,review_disagreed
EL,record:EL:residence_permits:register,not_reached,,
EL,record:EL:tax:foreign_dependency,not_reached,,
EL,record:EL:tax:register,not_reached,,
EL,record:EL:trust_services_pki:register,found,upgrade,corroborated
EL,record:EL:vehicle_licensing:register,not_reached,,
EL,record:EL:water_control:register,found,fills_gap,below_T2
EL,record:EL:water_control:register,found,fills_gap,below_T2
ES,indicator:ES:C1,found,corroborates,corroborated
ES,indicator:ES:C2,found,corroborates,corroborated
ES,indicator:ES:K1,no_better_found,,
ES,indicator:ES:K2,found,corroborates,review_disagreed
ES,indicator:ES:L1,found,fills_gap,filled_gap
ES,indicator:ES:L2,no_better_found,,
ES,indicator:ES:L3,no_better_found,,
ES,record:ES:authentication_audit_log:register,no_better_found,,
ES,record:ES:benefits_pensions:operator,found,fills_gap,filled_gap
ES,record:ES:benefits_pensions:register,found,fills_gap,filled_gap
ES,record:ES:border_control:register,found,fills_gap,filled_gap
ES,record:ES:breeder_documents:register,not_reached,,
ES,record:ES:business_registry:operator,found,fills_gap,filled_gap
ES,record:ES:business_registry:register,found,fills_gap,filled_gap
ES,record:ES:central_bank:register,found,fills_gap,filled_gap
ES,record:ES:civil_registry:operator,not_reached,,
ES,record:ES:civil_registry:register,not_reached,,
ES,record:ES:crisis_management:register,found,fills_gap,filled_gap
ES,record:ES:customs:register,found,fills_gap,review_disagreed
ES,record:ES:customs:register,found,fills_gap,review_disagreed
ES,record:ES:defence_command:register,no_better_found,,
ES,record:ES:digital_identity_credentials:register,found,fills_gap,review_disagreed
ES,record:ES:digital_identity_credentials:register,found,fills_gap,review_disagreed
ES,record:ES:education:operator,found,corrects,corroborated
ES,record:ES:education:operator,found,fills_gap,filled_gap
ES,record:ES:education:register,found,fills_gap,filled_gap
ES,record:ES:electoral_management:operator,found,fills_gap,filled_gap
ES,record:ES:electoral_management:register,found,fills_gap,filled_gap
ES,record:ES:electoral_roll:operator,found,fills_gap,filled_gap
ES,record:ES:electoral_roll:register,found,fills_gap,filled_gap
ES,record:ES:emergency_communications:operator,no_better_found,,
ES,record:ES:emergency_communications:register,no_better_found,,
ES,record:ES:facial_biometric:register,found,fills_gap,filled_gap
ES,record:ES:fingerprint_biometric:operator,no_better_found,,
ES,record:ES:fingerprint_biometric:register,found,corroborates,disputed
ES,record:ES:firearms_register:operator,found,fills_gap,filled_gap
ES,record:ES:firearms_register:register,found,fills_gap,filled_gap
ES,record:ES:geospatial:register,not_reached,,
ES,record:ES:government_payroll:register,not_reached,,
ES,record:ES:grid_control:operator,found,fills_gap,filled_gap
ES,record:ES:grid_control:register,found,fills_gap,filled_gap
ES,record:ES:health_insurance:operator,found,corroborates,corroborated
ES,record:ES:health_insurance:register,found,corroborates,corroborated
ES,record:ES:intelligence:operator,found,fills_gap,holding_not_established
ES,record:ES:issuance_history:operator,found,fills_gap,filled_gap
ES,record:ES:issuance_history:register,found,fills_gap,filled_gap
ES,record:ES:judicial_criminal:operator,no_better_found,,
ES,record:ES:judicial_criminal:register,found,corroborates,corroborated
ES,record:ES:land_property:operator,found,fills_gap,filled_gap
ES,record:ES:land_property:register,found,fills_gap,disputed
ES,record:ES:land_property:register,found,fills_gap,filled_gap
ES,record:ES:official_gazette:operator,not_reached,,
ES,record:ES:official_gazette:register,not_reached,,
ES,record:ES:police_records:operator,found,fills_gap,filled_gap
ES,record:ES:police_records:register,found,fills_gap,filled_gap
ES,record:ES:public_finance:operator,found,fills_gap,holding_not_established
ES,record:ES:statistics_microdata:operator,not_reached,,
ES,record:ES:statistics_microdata:register,not_reached,,
ES,record:ES:tax:operator,found,supersedes,corroborated
ES,record:ES:tax:register,not_reached,,
ES,record:ES:trust_services_pki:operator,found,fills_gap,filled_gap
ES,record:ES:trust_services_pki:register,found,fills_gap,filled_gap
ES,record:ES:vehicle_licensing:operator,found,corroborates,corroborated
ES,record:ES:vehicle_licensing:register,no_better_found,,
ES,record:ES:water_control:register,found,fills_gap,filled_gap
FI,indicator:FI:C1,found,supersedes,corroborated
FI,indicator:FI:C1,found,corroborates,corroborated
FI,indicator:FI:C2,found,corroborates,corroborated
FI,indicator:FI:K1,found,corroborates,corroborated
FI,indicator:FI:K2,found,corroborates,not_verified
FI,indicator:FI:L1,no_better_found,,
FI,indicator:FI:L2,found,corroborates,corroborated
FI,indicator:FI:L3,no_better_found,,
FI,record:FI:authentication_audit_log:operator,found,fills_gap,not_verified
FI,record:FI:authentication_audit_log:register,found,fills_gap,not_verified
FI,record:FI:beneficial_ownership:register,no_better_found,,
FI,record:FI:benefits_pensions:register,not_reached,,
FI,record:FI:border_control:operator,found,fills_gap,disputed
FI,record:FI:border_control:register,found,fills_gap,review_disagreed
FI,record:FI:breeder_documents:register,no_better_found,,
FI,record:FI:business_registry:operator,found,fills_gap,corroborated
FI,record:FI:business_registry:register,found,fills_gap,review_disagreed
FI,record:FI:central_bank:register,no_better_found,,
FI,record:FI:civil_registry:operator,found,fills_gap,corroborated
FI,record:FI:civil_registry:register,found,fills_gap,corroborated
FI,record:FI:crisis_management:register,not_reached,,
FI,record:FI:customs:register,not_reached,,
FI,record:FI:defence_command:register,not_reached,,
FI,record:FI:digital_identity_credentials:operator,found,fills_gap,filled_gap
FI,record:FI:digital_identity_credentials:register,found,fills_gap,filled_gap
FI,record:FI:digital_identity_credentials:register,found,fills_gap,review_disagreed
FI,record:FI:education:operator,found,fills_gap,disputed
FI,record:FI:education:register,found,fills_gap,not_verified
FI,record:FI:electoral_management:operator,found,fills_gap,corroborated
FI,record:FI:electoral_management:register,found,fills_gap,review_disagreed
FI,record:FI:electoral_roll:operator,found,corrects,corrected_withheld
FI,record:FI:electoral_roll:operator,found,fills_gap,filled_gap
FI,record:FI:electoral_roll:register,found,fills_gap,filled_gap
FI,record:FI:emergency_communications:operator,found,fills_gap,not_verified
FI,record:FI:emergency_communications:register,found,fills_gap,filled_gap
FI,record:FI:emergency_communications:register,found,fills_gap,not_verified
FI,record:FI:facial_biometric:register,found,fills_gap,corroborated
FI,record:FI:fingerprint_biometric:register,found,fills_gap,corroborated
FI,record:FI:fingerprint_biometric:register,found,fills_gap,corroborated
FI,record:FI:firearms_register:register,found,fills_gap,corroborated
FI,record:FI:government_payroll:register,not_reached,,
FI,record:FI:grid_control:register,not_reached,,
FI,record:FI:health_insurance:operator,found,fills_gap,holding_not_established
FI,record:FI:intelligence:register,not_reached,,
FI,record:FI:issuance_history:register,found,fills_gap,corroborated
FI,record:FI:judicial_criminal:operator,found,fills_gap,corroborated
FI,record:FI:judicial_criminal:operator,found,fills_gap,filled_gap
FI,record:FI:judicial_criminal:register,found,fills_gap,filled_gap
FI,record:FI:judicial_criminal:register,found,fills_gap,not_verified
FI,record:FI:land_property:operator,found,fills_gap,filled_gap
FI,record:FI:land_property:operator,found,fills_gap,review_disagreed
FI,record:FI:land_property:register,found,fills_gap,filled_gap
FI,record:FI:land_property:register,found,fills_gap,not_verified
FI,record:FI:official_gazette:operator,found,fills_gap,holding_not_established
FI,record:FI:official_gazette:register,found,fills_gap,not_verified
FI,record:FI:official_gazette:register,found,fills_gap,review_disagreed
FI,record:FI:police_records:register,found,fills_gap,filled_gap
FI,record:FI:public_finance:register,not_reached,,
FI,record:FI:public_health_surveillance:operator,found,fills_gap,review_disagreed
FI,record:FI:public_health_surveillance:register,found,fills_gap,filled_gap
FI,record:FI:residence_permits:operator,found,fills_gap,not_verified
FI,record:FI:residence_permits:register,found,fills_gap,review_disagreed
FI,record:FI:statistics_microdata:register,found,fills_gap,not_verified
FI,record:FI:tax:register,not_reached,,
FI,record:FI:trust_services_pki:operator,found,fills_gap,review_disagreed
FI,record:FI:trust_services_pki:register,found,fills_gap,review_disagreed
FI,record:FI:vehicle_licensing:operator,found,fills_gap,corroborated
FI,record:FI:vehicle_licensing:register,found,fills_gap,review_disagreed
FI,record:FI:water_control:register,not_reached,,
FR,indicator:FR:C1,no_better_found,,
FR,indicator:FR:C2,no_better_found,,
FR,indicator:FR:K1,found,corroborates,not_verified
FR,indicator:FR:K2,found,corroborates,corroborated
FR,indicator:FR:L1,found,fills_gap,not_verified
FR,indicator:FR:L2,not_reached,,
FR,indicator:FR:L3,found,corroborates,not_verified
FR,record:FR:authentication_audit_log:register,found,supersedes,review_disagreed
FR,record:FR:beneficial_ownership:register,not_reached,,
FR,record:FR:benefits_pensions:count,not_reached,,
FR,record:FR:benefits_pensions:operator,not_reached,,
FR,record:FR:benefits_pensions:register,not_reached,,
FR,record:FR:border_control:register,found,fills_gap,filled_gap
FR,record:FR:breeder_documents:count,not_reached,,
FR,record:FR:breeder_documents:operator,not_reached,,
FR,record:FR:breeder_documents:register,not_reached,,
FR,record:FR:business_registry:operator,not_reached,,
FR,record:FR:business_registry:register,not_reached,,
FR,record:FR:central_bank:operator,found,fills_gap,filled_gap
FR,record:FR:central_bank:register,found,fills_gap,filled_gap
FR,record:FR:civil_registry:count,no_better_found,,
FR,record:FR:civil_registry:operator,found,corroborates,corroborated
FR,record:FR:civil_registry:register,found,corroborates,corroborated
FR,record:FR:crisis_management:register,found,corroborates,not_verified
FR,record:FR:customs:register,not_reached,,
FR,record:FR:defence_command:foreign_dependency,not_reached,,
FR,record:FR:defence_command:foreign_dependency,found,corrects,not_verified
FR,record:FR:defence_command:register,not_reached,,
FR,record:FR:digital_identity_credentials:operator,found,fills_gap,filled_gap
FR,record:FR:digital_identity_credentials:register,found,fills_gap,filled_gap
FR,record:FR:education:register,found,fills_gap,not_verified
FR,record:FR:education:register,found,fills_gap,not_verified
FR,record:FR:electoral_management:register,no_better_found,,
FR,record:FR:electoral_roll:operator,found,fills_gap,filled_gap
FR,record:FR:electoral_roll:register,found,fills_gap,filled_gap
FR,record:FR:emergency_communications:operator,not_reached,,
FR,record:FR:emergency_communications:register,not_reached,,
FR,record:FR:facial_biometric:operator,found,corroborates,not_verified
FR,record:FR:facial_biometric:register,not_reached,,
FR,record:FR:fingerprint_biometric:operator,found,corroborates,not_verified
FR,record:FR:fingerprint_biometric:register,not_reached,,
FR,record:FR:firearms_register:operator,not_reached,,
FR,record:FR:firearms_register:register,not_reached,,
FR,record:FR:geospatial:count,not_reached,,
FR,record:FR:geospatial:operator,no_better_found,,
FR,record:FR:geospatial:register,no_better_found,,
FR,record:FR:government_payroll:operator,not_reached,,
FR,record:FR:government_payroll:register,not_reached,,
FR,record:FR:grid_control:operator,found,fills_gap,review_disagreed
FR,record:FR:grid_control:register,found,fills_gap,review_disagreed
FR,record:FR:health_insurance:register,not_reached,,
FR,record:FR:health_records:register,not_reached,,
FR,record:FR:intelligence:register,not_reached,,
FR,record:FR:issuance_history:operator,found,corroborates,not_verified
FR,record:FR:issuance_history:register,not_reached,,
FR,record:FR:judicial_criminal:register,not_reached,,
FR,record:FR:land_property:count,found,fills_gap,filled_gap
FR,record:FR:land_property:register,found,fills_gap,filled_gap
FR,record:FR:official_gazette:operator,not_reached,,
FR,record:FR:official_gazette:register,not_reached,,
FR,record:FR:police_records:operator,not_reached,,
FR,record:FR:police_records:register,not_reached,,
FR,record:FR:public_finance:register,found,fills_gap,filled_gap
FR,record:FR:public_health_surveillance:operator,not_reached,,
FR,record:FR:public_health_surveillance:register,not_reached,,
FR,record:FR:residence_permits:operator,not_reached,,
FR,record:FR:residence_permits:register,not_reached,,
FR,record:FR:statistics_microdata:foreign_dependency,not_reached,,
FR,record:FR:statistics_microdata:foreign_dependency,found,corrects,review_disagreed
FR,record:FR:statistics_microdata:operator,not_reached,,
FR,record:FR:statistics_microdata:register,not_reached,,
FR,record:FR:tax:operator,found,fills_gap,review_disagreed
FR,record:FR:tax:register,found,fills_gap,not_verified
FR,record:FR:tax:register,found,fills_gap,not_verified
FR,record:FR:trust_services_pki:operator,found,fills_gap,not_verified
FR,record:FR:trust_services_pki:register,found,corroborates,not_verified
FR,record:FR:vehicle_licensing:operator,not_reached,,
FR,record:FR:vehicle_licensing:register,not_reached,,
FR,record:FR:water_control:operator,found,fills_gap,filled_gap
FR,record:FR:water_control:register,found,fills_gap,filled_gap
HR,indicator:HR:C1,no_better_found,,
HR,indicator:HR:C2,no_better_found,,
HR,indicator:HR:K1,not_reached,,
HR,indicator:HR:K2,found,corroborates,corroborated
HR,indicator:HR:L1,no_better_found,,
HR,indicator:HR:L2,found,upgrade,corroborated
HR,indicator:HR:L3,not_reached,,
HR,record:HR:authentication_audit_log:register,not_reached,,
HR,record:HR:beneficial_ownership:operator,not_reached,,
HR,record:HR:beneficial_ownership:register,not_reached,,
HR,record:HR:benefits_pensions:register,found,fills_gap,filled_gap
HR,record:HR:border_control:register,found,upgrade,corroborated
HR,record:HR:breeder_documents:operator,found,upgrade,review_disagreed
HR,record:HR:breeder_documents:register,not_reached,,
HR,record:HR:business_registry:operator,found,upgrade,corroborated
HR,record:HR:business_registry:register,found,upgrade,review_disagreed
HR,record:HR:central_bank:foreign_dependency,not_reached,,
HR,record:HR:central_bank:register,not_reached,,
HR,record:HR:civil_registry:operator,found,upgrade,review_disagreed
HR,record:HR:civil_registry:register,found,upgrade,corroborated
HR,record:HR:crisis_management:register,not_reached,,
HR,record:HR:customs:register,not_reached,,
HR,record:HR:defence_command:register,not_reached,,
HR,record:HR:digital_identity_credentials:operator,found,fills_gap,filled_gap
HR,record:HR:digital_identity_credentials:register,found,fills_gap,filled_gap
HR,record:HR:education:operator,not_reached,,
HR,record:HR:education:register,not_reached,,
HR,record:HR:electoral_management:register,not_reached,,
HR,record:HR:electoral_roll:operator,found,fills_gap,filled_gap
HR,record:HR:electoral_roll:register,found,fills_gap,filled_gap
HR,record:HR:emergency_communications:register,not_reached,,
HR,record:HR:facial_biometric:operator,found,upgrade,corroborated
HR,record:HR:facial_biometric:operator,found,corrects,review_disagreed
HR,record:HR:facial_biometric:register,not_reached,,
HR,record:HR:fingerprint_biometric:register,not_reached,,
HR,record:HR:fingerprint_biometric:register,found,corrects,corrected_withheld
HR,record:HR:firearms_register:register,found,fills_gap,filled_gap
HR,record:HR:geospatial:operator,found,upgrade,superseded_higher_tier
HR,record:HR:geospatial:register,found,upgrade,corroborated
HR,record:HR:government_payroll:operator,not_reached,,
HR,record:HR:government_payroll:register,not_reached,,
HR,record:HR:grid_control:register,no_better_found,,
HR,record:HR:health_insurance:register,no_better_found,,
HR,record:HR:health_records:operator,found,upgrade,corroborated
HR,record:HR:health_records:register,found,upgrade,corroborated
HR,record:HR:intelligence:register,found,fills_gap,filled_gap
HR,record:HR:issuance_history:register,not_reached,,
HR,record:HR:judicial_criminal:operator,found,fills_gap,filled_gap
HR,record:HR:judicial_criminal:register,found,fills_gap,filled_gap
HR,record:HR:judicial_criminal:register,found,fills_gap,review_disagreed
HR,record:HR:land_property:operator,not_reached,,
HR,record:HR:land_property:register,found,upgrade,corroborated
HR,record:HR:official_gazette:register,not_reached,,
HR,record:HR:police_records:register,found,upgrade,corroborated
HR,record:HR:public_finance:register,not_reached,,
HR,record:HR:public_health_surveillance:operator,found,upgrade,corroborated
HR,record:HR:public_health_surveillance:register,found,upgrade,corroborated
HR,record:HR:residence_permits:register,found,upgrade,review_disagreed
HR,record:HR:tax:foreign_dependency,no_better_found,,
HR,record:HR:tax:register,found,upgrade,review_disagreed
HR,record:HR:trust_services_pki:foreign_dependency,not_reached,,
HR,record:HR:trust_services_pki:operator,not_reached,,
HR,record:HR:trust_services_pki:register,not_reached,,
HR,record:HR:vehicle_licensing:register,not_reached,,
HR,record:HR:water_control:register,not_reached,,
HU,indicator:HU:C1,found,corrects,not_verified
HU,indicator:HU:C1,found,corroborates,review_disagreed
HU,indicator:HU:C2,no_better_found,,
HU,indicator:HU:C2,found,corrects,not_verified
HU,indicator:HU:K1,found,corroborates,review_disagreed
HU,indicator:HU:K1,found,corrects,review_disagreed
HU,indicator:HU:K2,found,corroborates,review_disagreed
HU,indicator:HU:K2,found,corrects,review_disagreed
HU,indicator:HU:K2,found,corrects,review_disagreed
HU,indicator:HU:L1,found,upgrade,corroborated
HU,indicator:HU:L2,found,corroborates,corroborated
HU,indicator:HU:L2,found,upgrade,review_disagreed
HU,indicator:HU:L3,no_better_found,,
HU,record:HU:authentication_audit_log:foreign_dependency,no_better_found,,
HU,record:HU:authentication_audit_log:foreign_dependency,found,corrects,corroborated
HU,record:HU:authentication_audit_log:register,no_better_found,,
HU,record:HU:beneficial_ownership:register,no_better_found,,
HU,record:HU:benefits_pensions:operator,found,upgrade,corroborated
HU,record:HU:benefits_pensions:register,found,upgrade,superseded_higher_tier
HU,record:HU:border_control:operator,no_better_found,,
HU,record:HU:border_control:register,no_better_found,,
HU,record:HU:breeder_documents:foreign_dependency,no_better_found,,
HU,record:HU:breeder_documents:operator,no_better_found,,
HU,record:HU:breeder_documents:register,no_better_found,,
HU,record:HU:business_registry:register,no_better_found,,
HU,record:HU:central_bank:register,found,corroborates,review_disagreed
HU,record:HU:civil_registry:foreign_dependency,no_better_found,,
HU,record:HU:civil_registry:foreign_dependency,no_better_found,,
HU,record:HU:civil_registry:register,found,upgrade,corroborated
HU,record:HU:crisis_management:count,found,fills_gap,review_disagreed
HU,record:HU:crisis_management:register,found,upgrade,corroborated
HU,record:HU:customs:count,found,fills_gap,filled_gap
HU,record:HU:customs:register,found,fills_gap,filled_gap
HU,record:HU:defence_command:register,no_better_found,,
HU,record:HU:digital_identity_credentials:foreign_dependency,no_better_found,,
HU,record:HU:digital_identity_credentials:operator,found,upgrade,corroborated
HU,record:HU:digital_identity_credentials:operator,found,corroborates,corroborated
HU,record:HU:digital_identity_credentials:register,no_better_found,,
HU,record:HU:education:register,no_better_found,,
HU,record:HU:electoral_management:operator,found,fills_gap,not_verified
HU,record:HU:electoral_management:register,found,fills_gap,filled_gap
HU,record:HU:electoral_roll:foreign_dependency,no_better_found,,
HU,record:HU:electoral_roll:foreign_dependency,no_better_found,,
HU,record:HU:electoral_roll:operator,found,corroborates,review_disagreed
HU,record:HU:electoral_roll:register,no_better_found,,
HU,record:HU:emergency_communications:operator,no_better_found,,
HU,record:HU:emergency_communications:register,found,upgrade,corroborated
HU,record:HU:facial_biometric:foreign_dependency,no_better_found,,
HU,record:HU:facial_biometric:operator,no_better_found,,
HU,record:HU:facial_biometric:register,no_better_found,,
HU,record:HU:fingerprint_biometric:foreign_dependency,no_better_found,,
HU,record:HU:fingerprint_biometric:operator,no_better_found,,
HU,record:HU:fingerprint_biometric:register,no_better_found,,
HU,record:HU:firearms_register:operator,no_better_found,,
HU,record:HU:firearms_register:register,no_better_found,,
HU,record:HU:geospatial:operator,found,upgrade,corroborated
HU,record:HU:geospatial:register,found,upgrade,corroborated
HU,record:HU:government_payroll:register,found,upgrade,corroborated
HU,record:HU:grid_control:operator,found,fills_gap,not_verified
HU,record:HU:grid_control:register,no_better_found,,
HU,record:HU:health_insurance:operator,found,upgrade,corroborated
HU,record:HU:health_insurance:register,found,upgrade,corroborated
HU,record:HU:intelligence:register,no_better_found,,
HU,record:HU:issuance_history:foreign_dependency,no_better_found,,
HU,record:HU:issuance_history:foreign_dependency,found,corrects,not_verified
HU,record:HU:issuance_history:operator,found,contradicts,superseded_higher_tier
HU,record:HU:issuance_history:register,found,upgrade,corroborated
HU,record:HU:judicial_criminal:register,no_better_found,,
HU,record:HU:land_property:count,found,fills_gap,review_disagreed
HU,record:HU:land_property:operator,found,upgrade,corroborated
HU,record:HU:land_property:register,found,upgrade,corroborated
HU,record:HU:land_property:register,found,supersedes,corroborated
HU,record:HU:official_gazette:register,found,fills_gap,filled_gap
HU,record:HU:police_records:register,no_better_found,,
HU,record:HU:public_finance:operator,found,fills_gap,filled_gap
HU,record:HU:public_finance:register,found,fills_gap,filled_gap
HU,record:HU:public_health_surveillance:register,found,corroborates,corroborated
HU,record:HU:residence_permits:count,found,fills_gap,not_verified
HU,record:HU:residence_permits:foreign_dependency,no_better_found,,
HU,record:HU:residence_permits:operator,no_better_found,,
HU,record:HU:residence_permits:register,no_better_found,,
HU,record:HU:statistics_microdata:register,found,upgrade,review_disagreed
HU,record:HU:tax:count,found,fills_gap,filled_gap
HU,record:HU:tax:operator,found,fills_gap,review_disagreed
HU,record:HU:tax:register,found,fills_gap,filled_gap
HU,record:HU:trust_services_pki:operator,found,upgrade,corroborated
HU,record:HU:trust_services_pki:register,found,corroborates,corroborated
HU,record:HU:vehicle_licensing:foreign_dependency,no_better_found,,
HU,record:HU:vehicle_licensing:foreign_dependency,no_better_found,,
HU,record:HU:vehicle_licensing:operator,no_better_found,,
HU,record:HU:vehicle_licensing:register,found,corroborates,corroborated
HU,record:HU:water_control:operator,found,fills_gap,not_verified
HU,record:HU:water_control:register,no_better_found,,
IE,indicator:IE:C1,found,corroborates,corroborated
IE,indicator:IE:C2,found,corroborates,same_source
IE,indicator:IE:K1,found,fills_gap,filled_gap
IE,indicator:IE:K1,found,corrects,review_disagreed
IE,indicator:IE:K2,found,fills_gap,filled_gap
IE,indicator:IE:L1,not_reached,,
IE,indicator:IE:L2,not_reached,,
IE,indicator:IE:L2,no_better_found,,
IE,indicator:IE:L3,not_reached,,
IE,record:IE:authentication_audit_log:register,no_better_found,,
IE,record:IE:beneficial_ownership:operator,found,fills_gap,filled_gap
IE,record:IE:beneficial_ownership:register,found,fills_gap,filled_gap
IE,record:IE:benefits_pensions:register,no_better_found,,
IE,record:IE:benefits_pensions:register,found,fills_gap,filled_gap
IE,record:IE:border_control:register,no_better_found,,
IE,record:IE:breeder_documents:register,found,fills_gap,filled_gap
IE,record:IE:business_registry:operator,not_reached,,
IE,record:IE:business_registry:register,not_reached,,
IE,record:IE:central_bank:foreign_dependency,no_better_found,,
IE,record:IE:central_bank:operator,found,corroborates,corroborated
IE,record:IE:central_bank:register,found,corroborates,review_disagreed
IE,record:IE:civil_registry:operator,found,fills_gap,filled_gap
IE,record:IE:civil_registry:register,found,fills_gap,filled_gap
IE,record:IE:crisis_management:operator,found,fills_gap,not_verified
IE,record:IE:crisis_management:register,no_better_found,,
IE,record:IE:crisis_management:register,found,fills_gap,not_verified
IE,record:IE:customs:count,found,fills_gap,same_source
IE,record:IE:customs:operator,no_better_found,,
IE,record:IE:customs:register,no_better_found,,
IE,record:IE:defence_command:foreign_dependency,not_reached,,
IE,record:IE:defence_command:foreign_dependency,found,corrects,corrected_withheld
IE,record:IE:defence_command:operator,not_reached,,
IE,record:IE:defence_command:register,not_reached,,
IE,record:IE:digital_identity_credentials:count,found,fills_gap,filled_gap
IE,record:IE:digital_identity_credentials:operator,found,fills_gap,not_verified
IE,record:IE:digital_identity_credentials:register,found,fills_gap,filled_gap
IE,record:IE:education:register,found,fills_gap,below_T2
IE,record:IE:education:register,found,fills_gap,not_verified
IE,record:IE:electoral_management:operator,not_reached,,
IE,record:IE:electoral_management:register,not_reached,,
IE,record:IE:electoral_roll:count,no_better_found,,
IE,record:IE:electoral_roll:foreign_dependency,no_better_found,,
IE,record:IE:electoral_roll:foreign_dependency,no_better_found,,
IE,record:IE:electoral_roll:register,found,fills_gap,same_source
IE,record:IE:emergency_communications:foreign_dependency,no_better_found,,
IE,record:IE:emergency_communications:operator,found,fills_gap,below_T2
IE,record:IE:emergency_communications:register,found,upgrade,below_T2
IE,record:IE:emergency_communications:register,found,corroborates,not_verified
IE,record:IE:facial_biometric:count,found,supersedes,review_disagreed
IE,record:IE:facial_biometric:operator,no_better_found,,
IE,record:IE:facial_biometric:register,no_better_found,,
IE,record:IE:fingerprint_biometric:register,no_better_found,,
IE,record:IE:firearms_register:operator,not_reached,,
IE,record:IE:firearms_register:register,not_reached,,
IE,record:IE:government_payroll:count,found,fills_gap,not_verified
IE,record:IE:government_payroll:operator,found,fills_gap,not_verified
IE,record:IE:government_payroll:register,found,fills_gap,filled_gap
IE,record:IE:government_payroll:register,found,fills_gap,not_verified
IE,record:IE:grid_control:operator,not_reached,,
IE,record:IE:grid_control:operator,found,corrects,corroborated
IE,record:IE:grid_control:register,not_reached,,
IE,record:IE:grid_control:register,found,corrects,corroborated
IE,record:IE:health_insurance:count,found,upgrade,not_verified
IE,record:IE:health_insurance:operator,not_reached,,
IE,record:IE:health_insurance:register,not_reached,,
IE,record:IE:health_records:operator,not_reached,,
IE,record:IE:health_records:register,not_reached,,
IE,record:IE:intelligence:operator,not_reached,,
IE,record:IE:intelligence:operator,found,corrects,corrected_withheld
IE,record:IE:intelligence:register,not_reached,,
IE,record:IE:intelligence:register,no_better_found,,
IE,record:IE:issuance_history:register,no_better_found,,
IE,record:IE:issuance_history:register,no_better_found,,
IE,record:IE:judicial_criminal:register,no_better_found,,
IE,record:IE:judicial_criminal:register,found,fills_gap,filled_gap
IE,record:IE:land_property:count,found,supersedes,corroborated
IE,record:IE:land_property:operator,no_better_found,,
IE,record:IE:land_property:register,found,supersedes,corroborated
IE,record:IE:official_gazette:operator,found,fills_gap,review_disagreed
IE,record:IE:official_gazette:register,found,fills_gap,filled_gap
IE,record:IE:official_gazette:register,found,fills_gap,not_verified
IE,record:IE:official_gazette:register,found,fills_gap,not_verified
IE,record:IE:police_records:operator,not_reached,,
IE,record:IE:police_records:register,not_reached,,
IE,record:IE:police_records:register,found,corrects,corroborated
IE,record:IE:public_finance:operator,found,corroborates,not_verified
IE,record:IE:public_finance:register,found,supersedes,not_verified
IE,record:IE:public_finance:register,found,corrects,review_disagreed
IE,record:IE:public_health_surveillance:count,not_reached,,
IE,record:IE:public_health_surveillance:operator,not_reached,,
IE,record:IE:public_health_surveillance:register,not_reached,,
IE,record:IE:residence_permits:operator,not_reached,,
IE,record:IE:residence_permits:register,not_reached,,
IE,record:IE:tax:count,found,fills_gap,filled_gap
IE,record:IE:tax:operator,found,fills_gap,filled_gap
IE,record:IE:tax:register,found,fills_gap,filled_gap
IE,record:IE:trust_services_pki:operator,no_better_found,,
IE,record:IE:trust_services_pki:register,no_better_found,,
IE,record:IE:vehicle_licensing:register,not_reached,,
IE,record:IE:water_control:count,no_better_found,,
IE,record:IE:water_control:operator,no_better_found,,
IE,record:IE:water_control:register,no_better_found,,
IT,indicator:IT:C1,no_better_found,,
IT,indicator:IT:C2,found,fills_gap,not_verified
IT,indicator:IT:K1,no_better_found,,
IT,indicator:IT:K2,found,corroborates,corroborated
IT,indicator:IT:L1,no_better_found,,
IT,indicator:IT:L2,found,corroborates,corroborated
IT,indicator:IT:L3,no_better_found,,
IT,record:IT:authentication_audit_log:register,no_better_found,,
IT,record:IT:beneficial_ownership:register,found,fills_gap,filled_gap
IT,record:IT:benefits_pensions:operator,found,fills_gap,filled_gap
IT,record:IT:benefits_pensions:register,found,fills_gap,filled_gap
IT,record:IT:border_control:register,not_reached,,
IT,record:IT:breeder_documents:register,found,upgrade,corroborated
IT,record:IT:breeder_documents:register,found,corrects,review_disagreed
IT,record:IT:business_registry:operator,found,fills_gap,filled_gap
IT,record:IT:business_registry:register,found,fills_gap,filled_gap
IT,record:IT:central_bank:operator,found,fills_gap,filled_gap
IT,record:IT:central_bank:register,found,fills_gap,filled_gap
IT,record:IT:civil_registry:operator,found,corroborates,corroborated
IT,record:IT:civil_registry:register,found,upgrade,corroborated
IT,record:IT:crisis_management:register,found,corroborates,corroborated
IT,record:IT:customs:register,found,corroborates,review_disagreed
IT,record:IT:defence_command:register,not_reached,,
IT,record:IT:digital_identity_credentials:operator,found,fills_gap,filled_gap
IT,record:IT:digital_identity_credentials:register,found,fills_gap,filled_gap
IT,record:IT:education:operator,found,fills_gap,filled_gap
IT,record:IT:education:register,found,fills_gap,filled_gap
IT,record:IT:electoral_management:operator,found,corroborates,corroborated
IT,record:IT:electoral_management:register,found,corroborates,not_verified
IT,record:IT:emergency_communications:register,no_better_found,,
IT,record:IT:facial_biometric:foreign_dependency,no_better_found,,
IT,record:IT:facial_biometric:operator,no_better_found,,
IT,record:IT:facial_biometric:register,no_better_found,,
IT,record:IT:fingerprint_biometric:register,found,fills_gap,filled_gap
IT,record:IT:fingerprint_biometric:register,found,fills_gap,review_disagreed
IT,record:IT:firearms_register:register,not_reached,,
IT,record:IT:government_payroll:operator,found,fills_gap,filled_gap
IT,record:IT:government_payroll:register,found,fills_gap,filled_gap
IT,record:IT:grid_control:register,no_better_found,,
IT,record:IT:health_insurance:operator,no_better_found,,
IT,record:IT:health_insurance:register,found,upgrade,corroborated
IT,record:IT:health_records:operator,found,corroborates,corroborated
IT,record:IT:health_records:register,found,corroborates,corroborated
IT,record:IT:intelligence:register,not_reached,,
IT,record:IT:issuance_history:foreign_dependency,no_better_found,,
IT,record:IT:issuance_history:operator,found,corroborates,corroborated
IT,record:IT:issuance_history:register,no_better_found,,
IT,record:IT:judicial_criminal:register,found,fills_gap,filled_gap
IT,record:IT:land_property:operator,found,fills_gap,filled_gap
IT,record:IT:land_property:register,found,fills_gap,filled_gap
IT,record:IT:national_archives:register,no_better_found,,
IT,record:IT:official_gazette:operator,no_better_found,,
IT,record:IT:official_gazette:register,no_better_found,,
IT,record:IT:police_records:operator,found,fills_gap,filled_gap
IT,record:IT:police_records:register,found,fills_gap,filled_gap
IT,record:IT:public_finance:operator,found,corroborates,corroborated
IT,record:IT:public_finance:register,found,corroborates,corroborated
IT,record:IT:residence_permits:register,not_reached,,
IT,record:IT:statistics_microdata:operator,found,corroborates,corroborated
IT,record:IT:tax:register,found,fills_gap,filled_gap
IT,record:IT:trust_services_pki:foreign_dependency,no_better_found,,
IT,record:IT:trust_services_pki:operator,found,upgrade,review_disagreed
IT,record:IT:trust_services_pki:register,no_better_found,,
IT,record:IT:vehicle_licensing:register,found,fills_gap,filled_gap
IT,record:IT:vehicle_licensing:register,found,fills_gap,same_source
IT,record:IT:water_control:register,not_reached,,
LT,indicator:LT:C1,found,upgrade,corroborated
LT,indicator:LT:C2,found,upgrade,corroborated
LT,indicator:LT:K1,found,corroborates,corroborated
LT,indicator:LT:K2,found,corroborates,corroborated
LT,indicator:LT:L1,found,upgrade,review_disagreed
LT,indicator:LT:L2,no_better_found,,
LT,indicator:LT:L3,no_better_found,,
LT,record:LT:authentication_audit_log:operator,found,fills_gap,not_verified
LT,record:LT:authentication_audit_log:register,no_better_found,,
LT,record:LT:authentication_audit_log:register,found,fills_gap,not_verified
LT,record:LT:beneficial_ownership:register,no_better_found,,
LT,record:LT:benefits_pensions:register,no_better_found,,
LT,record:LT:border_control:register,no_better_found,,
LT,record:LT:breeder_documents:register,no_better_found,,
LT,record:LT:business_registry:register,no_better_found,,
LT,record:LT:central_bank:register,no_better_found,,
LT,record:LT:civil_registry:register,no_better_found,,
LT,record:LT:civil_registry:register,found,fills_gap,not_verified
LT,record:LT:crisis_management:register,no_better_found,,
LT,record:LT:customs:register,no_better_found,,
LT,record:LT:defence_command:register,no_better_found,,
LT,record:LT:digital_identity_credentials:register,found,fills_gap,filled_gap
LT,record:LT:education:operator,found,fills_gap,filled_gap
LT,record:LT:education:register,found,fills_gap,filled_gap
LT,record:LT:electoral_management:register,no_better_found,,
LT,record:LT:electoral_management:register,found,fills_gap,not_verified
LT,record:LT:electoral_roll:register,no_better_found,,
LT,record:LT:electoral_roll:register,found,fills_gap,not_verified
LT,record:LT:emergency_communications:operator,found,fills_gap,holding_not_established
LT,record:LT:facial_biometric:register,no_better_found,,
LT,record:LT:facial_biometric:register,no_better_found,,
LT,record:LT:fingerprint_biometric:register,no_better_found,,
LT,record:LT:fingerprint_biometric:register,no_better_found,,
LT,record:LT:firearms_register:operator,found,fills_gap,filled_gap
LT,record:LT:firearms_register:register,found,fills_gap,filled_gap
LT,record:LT:government_payroll:register,no_better_found,,
LT,record:LT:grid_control:operator,found,fills_gap,corroborated
LT,record:LT:grid_control:operator,found,fills_gap,filled_gap
LT,record:LT:grid_control:register,found,fills_gap,filled_gap
LT,record:LT:grid_control:register,found,fills_gap,review_disagreed
LT,record:LT:health_insurance:register,no_better_found,,
LT,record:LT:intelligence:register,no_better_found,,
LT,record:LT:issuance_history:operator,found,fills_gap,filled_gap
LT,record:LT:issuance_history:register,found,fills_gap,filled_gap
LT,record:LT:judicial_criminal:operator,found,fills_gap,filled_gap
LT,record:LT:judicial_criminal:register,found,fills_gap,filled_gap
LT,record:LT:land_property:register,no_better_found,,
LT,record:LT:official_gazette:register,no_better_found,,
LT,record:LT:police_records:register,found,fills_gap,filled_gap
LT,record:LT:public_finance:register,no_better_found,,
LT,record:LT:residence_permits:operator,found,fills_gap,review_disagreed
LT,record:LT:residence_permits:register,no_better_found,,
LT,record:LT:residence_permits:register,found,fills_gap,not_verified
LT,record:LT:tax:register,no_better_found,,
LT,record:LT:trust_services_pki:operator,found,fills_gap,filled_gap
LT,record:LT:trust_services_pki:operator,found,fills_gap,review_disagreed
LT,record:LT:trust_services_pki:register,found,fills_gap,filled_gap
LT,record:LT:vehicle_licensing:operator,found,fills_gap,not_verified
LT,record:LT:vehicle_licensing:operator,found,fills_gap,review_disagreed
LT,record:LT:vehicle_licensing:register,found,fills_gap,not_verified
LT,record:LT:vehicle_licensing:register,found,fills_gap,review_disagreed
LT,record:LT:water_control:register,no_better_found,,
LU,indicator:LU:C1,no_better_found,,
LU,indicator:LU:C1,found,corrects,corroborated
LU,indicator:LU:C2,found,fills_gap,filled_gap
LU,indicator:LU:K1,no_better_found,,
LU,indicator:LU:K2,no_better_found,,
LU,indicator:LU:L1,no_better_found,,
LU,indicator:LU:L2,found,fills_gap,not_verified
LU,indicator:LU:L3,no_better_found,,
LU,record:LU:authentication_audit_log:register,no_better_found,,
LU,record:LU:beneficial_ownership:operator,found,fills_gap,not_verified
LU,record:LU:beneficial_ownership:operator,found,fills_gap,review_disagreed
LU,record:LU:beneficial_ownership:register,found,fills_gap,filled_gap
LU,record:LU:beneficial_ownership:register,found,fills_gap,not_verified
LU,record:LU:benefits_pensions:operator,found,fills_gap,not_verified
LU,record:LU:benefits_pensions:operator,found,fills_gap,review_disagreed
LU,record:LU:benefits_pensions:register,found,fills_gap,not_verified
LU,record:LU:benefits_pensions:register,found,fills_gap,review_disagreed
LU,record:LU:border_control:operator,found,fills_gap,review_disagreed
LU,record:LU:border_control:register,found,fills_gap,filled_gap
LU,record:LU:border_control:register,found,fills_gap,not_verified
LU,record:LU:breeder_documents:register,no_better_found,,
LU,record:LU:breeder_documents:register,found,fills_gap,review_disagreed
LU,record:LU:business_registry:operator,found,fills_gap,not_verified
LU,record:LU:business_registry:register,found,fills_gap,not_verified
LU,record:LU:business_registry:register,found,fills_gap,review_disagreed
LU,record:LU:central_bank:register,no_better_found,,
LU,record:LU:civil_registry:count,found,fills_gap,review_disagreed
LU,record:LU:civil_registry:operator,found,fills_gap,not_verified
LU,record:LU:civil_registry:operator,found,fills_gap,review_disagreed
LU,record:LU:civil_registry:register,found,fills_gap,filled_gap
LU,record:LU:civil_registry:register,found,fills_gap,not_verified
LU,record:LU:crisis_management:register,found,fills_gap,disputed
LU,record:LU:crisis_management:register,found,fills_gap,filled_gap
LU,record:LU:crisis_management:register,found,fills_gap,not_verified
LU,record:LU:customs:register,no_better_found,,
LU,record:LU:defence_command:register,not_reached,,
LU,record:LU:digital_identity_credentials:operator,found,upgrade,below_T2
LU,record:LU:digital_identity_credentials:register,no_better_found,,
LU,record:LU:education:register,not_reached,,
LU,record:LU:electoral_management:register,no_better_found,,
LU,record:LU:electoral_management:register,found,fills_gap,review_disagreed
LU,record:LU:electoral_roll:register,found,fills_gap,filled_gap
LU,record:LU:electoral_roll:register,found,fills_gap,not_verified
LU,record:LU:emergency_communications:count,found,fills_gap,review_disagreed
LU,record:LU:emergency_communications:register,not_reached,,
LU,record:LU:emergency_communications:register,found,fills_gap,filled_gap
LU,record:LU:facial_biometric:operator,found,fills_gap,review_disagreed
LU,record:LU:facial_biometric:register,no_better_found,,
LU,record:LU:fingerprint_biometric:operator,found,fills_gap,review_disagreed
LU,record:LU:fingerprint_biometric:register,no_better_found,,
LU,record:LU:firearms_register:operator,found,fills_gap,review_disagreed
LU,record:LU:firearms_register:register,found,fills_gap,not_verified
LU,record:LU:geospatial:register,found,fills_gap,filled_gap
LU,record:LU:government_payroll:operator,found,fills_gap,review_disagreed
LU,record:LU:government_payroll:register,no_better_found,,
LU,record:LU:grid_control:register,not_reached,,
LU,record:LU:health_insurance:foreign_dependency,no_better_found,,
LU,record:LU:health_insurance:operator,no_better_found,,
LU,record:LU:health_insurance:register,found,corroborates,review_disagreed
LU,record:LU:health_records:register,found,fills_gap,filled_gap
LU,record:LU:intelligence:operator,found,fills_gap,review_disagreed
LU,record:LU:intelligence:register,no_better_found,,
LU,record:LU:issuance_history:operator,found,fills_gap,review_disagreed
LU,record:LU:issuance_history:register,found,fills_gap,not_verified
LU,record:LU:judicial_criminal:operator,found,fills_gap,not_verified
LU,record:LU:judicial_criminal:register,found,fills_gap,filled_gap
LU,record:LU:judicial_criminal:register,found,fills_gap,not_verified
LU,record:LU:land_property:hosting,found,fills_gap,review_disagreed
LU,record:LU:land_property:register,found,fills_gap,filled_gap
LU,record:LU:land_property:register,found,fills_gap,not_verified
LU,record:LU:official_gazette:register,found,fills_gap,filled_gap
LU,record:LU:official_gazette:register,found,fills_gap,not_verified
LU,record:LU:police_records:register,found,fills_gap,filled_gap
LU,record:LU:police_records:register,found,fills_gap,not_verified
LU,record:LU:public_finance:register,found,fills_gap,not_verified
LU,record:LU:public_finance:register,found,fills_gap,review_disagreed
LU,record:LU:residence_permits:operator,found,fills_gap,review_disagreed
LU,record:LU:residence_permits:register,found,fills_gap,not_verified
LU,record:LU:statistics_microdata:register,found,fills_gap,review_disagreed
LU,record:LU:tax:operator,no_better_found,,
LU,record:LU:tax:register,no_better_found,,
LU,record:LU:trust_services_pki:register,no_better_found,,
LU,record:LU:vehicle_licensing:operator,no_better_found,,
LU,record:LU:vehicle_licensing:register,found,corroborates,not_verified
LU,record:LU:water_control:register,not_reached,,
LU,record:LU:water_control:register,found,fills_gap,review_disagreed
LV,indicator:LV:C1,found,corroborates,not_verified
LV,indicator:LV:C1,found,corroborates,review_disagreed
LV,indicator:LV:C2,found,supersedes,review_disagreed
LV,indicator:LV:K1,no_better_found,,
LV,indicator:LV:K2,found,corroborates,review_disagreed
LV,indicator:LV:L1,no_better_found,,
LV,indicator:LV:L2,found,corroborates,corroborated
LV,indicator:LV:L3,no_better_found,,
LV,record:LV:authentication_audit_log:register,found,fills_gap,review_disagreed
LV,record:LV:authentication_audit_log:register,found,fills_gap,review_disagreed
LV,record:LV:beneficial_ownership:operator,found,fills_gap,filled_gap
LV,record:LV:beneficial_ownership:register,found,fills_gap,filled_gap
LV,record:LV:benefits_pensions:operator,no_better_found,,
LV,record:LV:benefits_pensions:register,no_better_found,,
LV,record:LV:border_control:operator,found,fills_gap,filled_gap
LV,record:LV:border_control:operator,found,fills_gap,not_verified
LV,record:LV:border_control:register,found,fills_gap,corroborated
LV,record:LV:border_control:register,found,fills_gap,filled_gap
LV,record:LV:border_control:register,found,fills_gap,not_verified
LV,record:LV:border_control:register,found,fills_gap,not_verified
LV,record:LV:breeder_documents:operator,no_better_found,,
LV,record:LV:breeder_documents:register,no_better_found,,
LV,record:LV:business_registry:operator,found,fills_gap,filled_gap
LV,record:LV:business_registry:register,found,fills_gap,filled_gap
LV,record:LV:central_bank:operator,found,fills_gap,review_disagreed
LV,record:LV:central_bank:register,found,fills_gap,not_verified
LV,record:LV:central_bank:register,found,fills_gap,not_verified
LV,record:LV:central_bank:register,found,fills_gap,not_verified
LV,record:LV:civil_registry:operator,no_better_found,,
LV,record:LV:civil_registry:register,no_better_found,,
LV,record:LV:crisis_management:register,found,fills_gap,filled_gap
LV,record:LV:crisis_management:register,found,fills_gap,not_verified
LV,record:LV:crisis_management:register,found,fills_gap,same_source
LV,record:LV:customs:operator,no_better_found,,
LV,record:LV:customs:register,found,corroborates,not_verified
LV,record:LV:defence_command:register,no_better_found,,
LV,record:LV:digital_identity_credentials:operator,no_better_found,,
LV,record:LV:digital_identity_credentials:register,found,corroborates,not_verified
LV,record:LV:education:operator,no_better_found,,
LV,record:LV:education:register,found,corroborates,not_verified
LV,record:LV:electoral_management:foreign_dependency,found,fills_gap,review_disagreed
LV,record:LV:electoral_management:operator,found,fills_gap,not_verified
LV,record:LV:electoral_management:register,found,fills_gap,not_verified
LV,record:LV:electoral_management:register,found,fills_gap,not_verified
LV,record:LV:electoral_roll:operator,no_better_found,,
LV,record:LV:electoral_roll:register,found,corroborates,not_verified
LV,record:LV:emergency_communications:operator,found,fills_gap,review_disagreed
LV,record:LV:emergency_communications:register,found,fills_gap,filled_gap
LV,record:LV:emergency_communications:register,found,fills_gap,not_verified
LV,record:LV:facial_biometric:operator,found,fills_gap,filled_gap
LV,record:LV:facial_biometric:operator,found,fills_gap,review_disagreed
LV,record:LV:facial_biometric:register,found,fills_gap,filled_gap
LV,record:LV:facial_biometric:register,found,fills_gap,review_disagreed
LV,record:LV:fingerprint_biometric:operator,found,fills_gap,filled_gap
LV,record:LV:fingerprint_biometric:register,found,fills_gap,filled_gap
LV,record:LV:fingerprint_biometric:register,found,fills_gap,review_disagreed
LV,record:LV:firearms_register:operator,found,fills_gap,filled_gap
LV,record:LV:firearms_register:operator,found,fills_gap,review_disagreed
LV,record:LV:firearms_register:register,found,fills_gap,filled_gap
LV,record:LV:firearms_register:register,found,fills_gap,review_disagreed
LV,record:LV:geospatial:operator,found,corroborates,corroborated
LV,record:LV:geospatial:register,no_better_found,,
LV,record:LV:government_payroll:operator,found,fills_gap,filled_gap
LV,record:LV:government_payroll:register,found,fills_gap,filled_gap
LV,record:LV:government_payroll:register,found,fills_gap,review_disagreed
LV,record:LV:grid_control:register,no_better_found,,
LV,record:LV:health_insurance:register,found,fills_gap,filled_gap
LV,record:LV:health_insurance:register,found,fills_gap,not_verified
LV,record:LV:intelligence:register,no_better_found,,
LV,record:LV:issuance_history:register,found,corroborates,not_verified
LV,record:LV:judicial_criminal:operator,no_better_found,,
LV,record:LV:judicial_criminal:register,no_better_found,,
LV,record:LV:land_property:operator,found,fills_gap,filled_gap
LV,record:LV:land_property:register,found,fills_gap,filled_gap
LV,record:LV:official_gazette:register,found,fills_gap,filled_gap
LV,record:LV:police_records:operator,no_better_found,,
LV,record:LV:police_records:register,found,corroborates,review_disagreed
LV,record:LV:public_finance:operator,found,fills_gap,filled_gap
LV,record:LV:public_finance:register,found,fills_gap,filled_gap
LV,record:LV:public_health_surveillance:operator,no_better_found,,
LV,record:LV:public_health_surveillance:register,no_better_found,,
LV,record:LV:residence_permits:operator,no_better_found,,
LV,record:LV:residence_permits:register,no_better_found,,
LV,record:LV:tax:register,found,corroborates,not_verified
LV,record:LV:trust_services_pki:register,no_better_found,,
LV,record:LV:vehicle_licensing:operator,found,fills_gap,filled_gap
LV,record:LV:vehicle_licensing:register,found,fills_gap,filled_gap
LV,record:LV:water_control:register,no_better_found,,
MT,indicator:MT:C1,no_better_found,,
MT,indicator:MT:C2,no_better_found,,
MT,indicator:MT:K1,no_better_found,,
MT,indicator:MT:K2,found,corroborates,corroborated
MT,indicator:MT:K2,found,corroborates,corroborated
MT,indicator:MT:L1,no_better_found,,
MT,indicator:MT:L2,no_better_found,,
MT,indicator:MT:L3,no_better_found,,
MT,record:MT:authentication_audit_log:register,no_better_found,,
MT,record:MT:beneficial_ownership:register,found,fills_gap,filled_gap
MT,record:MT:benefits_pensions:operator,found,fills_gap,review_disagreed
MT,record:MT:border_control:operator,found,corrects,corroborated
MT,record:MT:border_control:operator,found,fills_gap,filled_gap
MT,record:MT:border_control:register,found,fills_gap,filled_gap
MT,record:MT:breeder_documents:register,found,fills_gap,filled_gap
MT,record:MT:business_registry:operator,found,fills_gap,filled_gap
MT,record:MT:business_registry:register,found,fills_gap,filled_gap
MT,record:MT:central_bank:register,no_better_found,,
MT,record:MT:central_bank:register,found,fills_gap,review_disagreed
MT,record:MT:civil_registry:register,found,corroborates,corroborated
MT,record:MT:civil_registry:register,found,corrects,corroborated
MT,record:MT:crisis_management:operator,found,fills_gap,holding_not_established
MT,record:MT:customs:operator,found,fills_gap,review_disagreed
MT,record:MT:defence_command:register,no_better_found,,
MT,record:MT:digital_identity_credentials:operator,found,corroborates,corroborated
MT,record:MT:digital_identity_credentials:register,found,corroborates,corroborated
MT,record:MT:education:operator,found,fills_gap,review_disagreed
MT,record:MT:electoral_management:operator,found,fills_gap,review_disagreed
MT,record:MT:electoral_management:register,found,fills_gap,filled_gap
MT,record:MT:electoral_roll:register,no_better_found,,
MT,record:MT:emergency_communications:register,no_better_found,,
MT,record:MT:facial_biometric:register,found,corroborates,review_disagreed
MT,record:MT:fingerprint_biometric:register,found,corroborates,review_disagreed
MT,record:MT:fingerprint_biometric:register,found,corroborates,review_disagreed
MT,record:MT:firearms_register:operator,found,fills_gap,review_disagreed
MT,record:MT:government_payroll:register,no_better_found,,
MT,record:MT:grid_control:register,no_better_found,,
MT,record:MT:health_insurance:register,no_better_found,,
MT,record:MT:intelligence:register,no_better_found,,
MT,record:MT:issuance_history:operator,found,corroborates,review_disagreed
MT,record:MT:issuance_history:register,no_better_found,,
MT,record:MT:judicial_criminal:register,no_better_found,,
MT,record:MT:land_property:operator,found,fills_gap,filled_gap
MT,record:MT:land_property:register,found,fills_gap,corroborated
MT,record:MT:land_property:register,found,fills_gap,filled_gap
MT,record:MT:official_gazette:register,no_better_found,,
MT,record:MT:police_records:operator,found,fills_gap,holding_not_established
MT,record:MT:public_finance:operator,found,fills_gap,holding_not_established
MT,record:MT:residence_permits:operator,found,corroborates,corroborated
MT,record:MT:residence_permits:register,no_better_found,,
MT,record:MT:statistics_microdata:register,no_better_found,,
MT,record:MT:tax:operator,found,fills_gap,review_disagreed
MT,record:MT:trust_services_pki:register,found,corroborates,review_disagreed
MT,record:MT:vehicle_licensing:operator,found,fills_gap,review_disagreed
MT,record:MT:water_control:foreign_dependency,found,fills_gap,review_disagreed
MT,record:MT:water_control:operator,found,fills_gap,not_verified
MT,record:MT:water_control:register,no_better_found,,
MT,record:MT:water_control:register,found,fills_gap,not_verified
NL,indicator:NL:C1,found,corroborates,corroborated
NL,indicator:NL:C1,found,corroborates,corroborated
NL,indicator:NL:C2,found,contradicts,superseded_later_same_authority
NL,indicator:NL:K1,found,corroborates,same_source
NL,indicator:NL:K2,found,corroborates,corroborated
NL,indicator:NL:L1,no_better_found,,
NL,indicator:NL:L2,no_better_found,,
NL,indicator:NL:L3,found,corroborates,corroborated
NL,record:NL:authentication_audit_log:foreign_dependency,found,fills_gap,review_disagreed
NL,record:NL:authentication_audit_log:foreign_dependency,found,fills_gap,review_disagreed
NL,record:NL:authentication_audit_log:hosting,found,fills_gap,corroborated
NL,record:NL:authentication_audit_log:hosting,found,fills_gap,filled_gap
NL,record:NL:authentication_audit_log:operator,found,fills_gap,filled_gap
NL,record:NL:authentication_audit_log:register,found,fills_gap,filled_gap
NL,record:NL:beneficial_ownership:foreign_dependency,no_better_found,,
NL,record:NL:beneficial_ownership:hosting,no_better_found,,
NL,record:NL:beneficial_ownership:operator,found,fills_gap,filled_gap
NL,record:NL:beneficial_ownership:register,found,fills_gap,filled_gap
NL,record:NL:benefits_pensions:foreign_dependency,no_better_found,,
NL,record:NL:benefits_pensions:hosting,found,fills_gap,review_disagreed
NL,record:NL:benefits_pensions:operator,found,fills_gap,filled_gap
NL,record:NL:benefits_pensions:register,found,fills_gap,filled_gap
NL,record:NL:border_control:register,no_better_found,,
NL,record:NL:breeder_documents:register,no_better_found,,
NL,record:NL:business_registry:foreign_dependency,no_better_found,,
NL,record:NL:business_registry:hosting,no_better_found,,
NL,record:NL:central_bank:register,no_better_found,,
NL,record:NL:civil_registry:foreign_dependency,no_better_found,,
NL,record:NL:civil_registry:hosting,no_better_found,,
NL,record:NL:crisis_management:foreign_dependency,no_better_found,,
NL,record:NL:crisis_management:hosting,found,fills_gap,review_disagreed
NL,record:NL:crisis_management:register,found,fills_gap,filled_gap
NL,record:NL:customs:foreign_dependency,no_better_found,,
NL,record:NL:customs:hosting,found,fills_gap,filled_gap
NL,record:NL:customs:register,found,supersedes,corroborated
NL,record:NL:defence_command:register,no_better_found,,
NL,record:NL:digital_identity_credentials:foreign_dependency,no_better_found,,
NL,record:NL:digital_identity_credentials:operator,found,corroborates,corroborated
NL,record:NL:digital_identity_credentials:register,found,corroborates,corroborated
NL,record:NL:education:foreign_dependency,no_better_found,,
NL,record:NL:education:hosting,found,fills_gap,review_disagreed
NL,record:NL:education:operator,found,fills_gap,filled_gap
NL,record:NL:education:register,found,fills_gap,filled_gap
NL,record:NL:electoral_management:foreign_dependency,found,fills_gap,not_verified
NL,record:NL:electoral_management:hosting,found,fills_gap,not_verified
NL,record:NL:electoral_management:operator,found,fills_gap,filled_gap
NL,record:NL:electoral_management:register,found,fills_gap,filled_gap
NL,record:NL:electoral_roll:foreign_dependency,no_better_found,,
NL,record:NL:electoral_roll:hosting,no_better_found,,
NL,record:NL:electoral_roll:operator,found,fills_gap,filled_gap
NL,record:NL:electoral_roll:register,found,fills_gap,filled_gap
NL,record:NL:emergency_communications:count,found,fills_gap,filled_gap
NL,record:NL:emergency_communications:foreign_dependency,no_better_found,,
NL,record:NL:emergency_communications:hosting,found,fills_gap,filled_gap
NL,record:NL:emergency_communications:operator,found,fills_gap,filled_gap
NL,record:NL:emergency_communications:register,found,fills_gap,filled_gap
NL,record:NL:facial_biometric:foreign_dependency,no_better_found,,
NL,record:NL:facial_biometric:hosting,no_better_found,,
NL,record:NL:fingerprint_biometric:register,no_better_found,,
NL,record:NL:fingerprint_biometric:register,found,corrects,corroborated
NL,record:NL:firearms_register:register,no_better_found,,
NL,record:NL:government_payroll:foreign_dependency,found,fills_gap,filled_gap
NL,record:NL:government_payroll:hosting,found,fills_gap,filled_gap
NL,record:NL:government_payroll:register,found,fills_gap,filled_gap
NL,record:NL:grid_control:register,no_better_found,,
NL,record:NL:health_insurance:register,no_better_found,,
NL,record:NL:health_records:foreign_dependency,no_better_found,,
NL,record:NL:health_records:operator,found,corroborates,corroborated
NL,record:NL:health_records:operator,found,upgrade,superseded_higher_tier
NL,record:NL:health_records:register,found,upgrade,corroborated
NL,record:NL:intelligence:register,no_better_found,,
NL,record:NL:issuance_history:foreign_dependency,no_better_found,,
NL,record:NL:issuance_history:hosting,no_better_found,,
NL,record:NL:issuance_history:operator,found,fills_gap,filled_gap
NL,record:NL:issuance_history:register,found,fills_gap,filled_gap
NL,record:NL:judicial_criminal:foreign_dependency,no_better_found,,
NL,record:NL:judicial_criminal:hosting,found,fills_gap,filled_gap
NL,record:NL:judicial_criminal:operator,found,fills_gap,filled_gap
NL,record:NL:judicial_criminal:register,found,fills_gap,filled_gap
NL,record:NL:land_property:foreign_dependency,no_better_found,,
NL,record:NL:land_property:hosting,found,fills_gap,filled_gap
NL,record:NL:official_gazette:foreign_dependency,no_better_found,,
NL,record:NL:official_gazette:hosting,no_better_found,,
NL,record:NL:official_gazette:operator,found,fills_gap,filled_gap
NL,record:NL:official_gazette:register,found,fills_gap,filled_gap
NL,record:NL:police_records:register,no_better_found,,
NL,record:NL:public_finance:register,no_better_found,,
NL,record:NL:public_health_surveillance:foreign_dependency,no_better_found,,
NL,record:NL:public_health_surveillance:hosting,found,fills_gap,filled_gap
NL,record:NL:public_health_surveillance:register,found,corroborates,corroborated
NL,record:NL:residence_permits:foreign_dependency,no_better_found,,
NL,record:NL:residence_permits:hosting,no_better_found,,
NL,record:NL:residence_permits:register,found,fills_gap,filled_gap
NL,record:NL:statistics_microdata:foreign_dependency,found,fills_gap,filled_gap
NL,record:NL:statistics_microdata:register,found,corroborates,review_disagreed
NL,record:NL:tax:register,no_better_found,,
NL,record:NL:trust_services_pki:foreign_dependency,found,fills_gap,review_disagreed
NL,record:NL:trust_services_pki:hosting,found,fills_gap,filled_gap
NL,record:NL:trust_services_pki:operator,no_better_found,,
NL,record:NL:trust_services_pki:register,no_better_found,,
NL,record:NL:vehicle_licensing:foreign_dependency,found,fills_gap,filled_gap
NL,record:NL:vehicle_licensing:hosting,found,fills_gap,filled_gap
NL,record:NL:vehicle_licensing:operator,found,corroborates,review_disagreed
NL,record:NL:water_control:register,no_better_found,,
PL,indicator:PL:C1,no_better_found,,
PL,indicator:PL:C2,no_better_found,,
PL,indicator:PL:K1,found,supersedes,corroborated
PL,indicator:PL:K2,found,corroborates,corroborated
PL,indicator:PL:L1,no_better_found,,
PL,indicator:PL:L2,found,supersedes,corroborated
PL,indicator:PL:L3,no_better_found,,
PL,record:PL:authentication_audit_log:operator,found,fills_gap,holding_not_established
PL,record:PL:authentication_audit_log:operator,found,fills_gap,review_disagreed
PL,record:PL:authentication_audit_log:register,found,fills_gap,review_disagreed
PL,record:PL:authentication_audit_log:register,found,fills_gap,review_disagreed
PL,record:PL:benefits_pensions:register,no_better_found,,
PL,record:PL:border_control:operator,found,fills_gap,filled_gap
PL,record:PL:border_control:register,found,fills_gap,filled_gap
PL,record:PL:business_registry:operator,no_better_found,,
PL,record:PL:business_registry:register,no_better_found,,
PL,record:PL:central_bank:operator,found,fills_gap,holding_not_established
PL,record:PL:civil_registry:operator,found,fills_gap,filled_gap
PL,record:PL:civil_registry:register,found,fills_gap,filled_gap
PL,record:PL:crisis_management:register,found,corroborates,review_disagreed
PL,record:PL:customs:register,found,upgrade,corroborated
PL,record:PL:defence_command:register,no_better_found,,
PL,record:PL:digital_identity_credentials:count,no_better_found,,
PL,record:PL:digital_identity_credentials:operator,no_better_found,,
PL,record:PL:digital_identity_credentials:register,found,corroborates,corroborated
PL,record:PL:electoral_management:operator,found,fills_gap,filled_gap
PL,record:PL:electoral_management:register,found,fills_gap,filled_gap
PL,record:PL:emergency_communications:operator,found,fills_gap,filled_gap
PL,record:PL:emergency_communications:register,found,fills_gap,filled_gap
PL,record:PL:fingerprint_biometric:register,found,contradicts,review_disagreed
PL,record:PL:fingerprint_biometric:register,found,corrects,review_disagreed
PL,record:PL:firearms_register:register,no_better_found,,
PL,record:PL:geospatial:operator,no_better_found,,
PL,record:PL:geospatial:register,no_better_found,,
PL,record:PL:government_payroll:register,no_better_found,,
PL,record:PL:grid_control:operator,found,fills_gap,filled_gap
PL,record:PL:grid_control:register,found,fills_gap,filled_gap
PL,record:PL:health_insurance:register,found,fills_gap,filled_gap
PL,record:PL:health_records:operator,found,corroborates,corroborated
PL,record:PL:intelligence:register,no_better_found,,
PL,record:PL:judicial_criminal:operator,found,fills_gap,filled_gap
PL,record:PL:judicial_criminal:register,found,fills_gap,filled_gap
PL,record:PL:land_property:register,found,fills_gap,filled_gap
PL,record:PL:national_archives:register,no_better_found,,
PL,record:PL:official_gazette:operator,found,fills_gap,filled_gap
PL,record:PL:official_gazette:register,found,fills_gap,filled_gap
PL,record:PL:police_records:operator,found,fills_gap,filled_gap
PL,record:PL:police_records:register,found,fills_gap,filled_gap
PL,record:PL:public_health_surveillance:operator,no_better_found,,
PL,record:PL:residence_permits:operator,found,fills_gap,filled_gap
PL,record:PL:residence_permits:register,found,fills_gap,filled_gap
PL,record:PL:tax:register,no_better_found,,
PL,record:PL:trust_services_pki:operator,found,fills_gap,filled_gap
PL,record:PL:trust_services_pki:register,found,fills_gap,filled_gap
PL,record:PL:vehicle_licensing:register,found,corroborates,superseded_higher_tier
PL,record:PL:water_control:operator,found,fills_gap,filled_gap
PL,record:PL:water_control:register,found,fills_gap,filled_gap
PT,indicator:PT:C1,found,corroborates,corroborated
PT,indicator:PT:C2,no_better_found,,
PT,indicator:PT:C2,found,corrects,review_disagreed
PT,indicator:PT:K1,found,fills_gap,not_verified
PT,indicator:PT:K2,no_better_found,,
PT,indicator:PT:L1,no_better_found,,
PT,indicator:PT:L2,no_better_found,,
PT,indicator:PT:L3,no_better_found,,
PT,record:PT:authentication_audit_log:register,no_better_found,,
PT,record:PT:beneficial_ownership:operator,found,fills_gap,review_disagreed
PT,record:PT:beneficial_ownership:register,found,fills_gap,filled_gap
PT,record:PT:benefits_pensions:register,no_better_found,,
PT,record:PT:border_control:register,no_better_found,,
PT,record:PT:breeder_documents:register,no_better_found,,
PT,record:PT:breeder_documents:register,found,corrects,review_disagreed
PT,record:PT:business_registry:operator,found,corrects,review_disagreed
PT,record:PT:business_registry:register,found,fills_gap,not_verified
PT,record:PT:central_bank:register,no_better_found,,
PT,record:PT:civil_registry:operator,found,fills_gap,review_disagreed
PT,record:PT:civil_registry:register,found,fills_gap,not_verified
PT,record:PT:crisis_management:operator,found,fills_gap,not_verified
PT,record:PT:crisis_management:register,found,fills_gap,not_verified
PT,record:PT:customs:operator,found,fills_gap,filled_gap
PT,record:PT:customs:register,found,fills_gap,filled_gap
PT,record:PT:defence_command:register,no_better_found,,
PT,record:PT:digital_identity_credentials:operator,found,corrects,corroborated
PT,record:PT:digital_identity_credentials:register,found,fills_gap,disputed
PT,record:PT:education:register,no_better_found,,
PT,record:PT:education:register,found,corrects,corroborated
PT,record:PT:electoral_management:operator,found,fills_gap,holding_not_established
PT,record:PT:electoral_roll:count,found,fills_gap,filled_gap
PT,record:PT:electoral_roll:operator,found,fills_gap,review_disagreed
PT,record:PT:electoral_roll:register,found,fills_gap,disputed
PT,record:PT:emergency_communications:count,found,fills_gap,filled_gap
PT,record:PT:emergency_communications:operator,found,fills_gap,superseded_higher_tier
PT,record:PT:emergency_communications:register,found,fills_gap,disputed
PT,record:PT:facial_biometric:register,no_better_found,,
PT,record:PT:fingerprint_biometric:register,no_better_found,,
PT,record:PT:firearms_register:register,no_better_found,,
PT,record:PT:government_payroll:register,no_better_found,,
PT,record:PT:grid_control:operator,found,fills_gap,filled_gap
PT,record:PT:grid_control:register,found,fills_gap,filled_gap
PT,record:PT:health_insurance:register,no_better_found,,
PT,record:PT:health_insurance:register,found,corrects,corroborated
PT,record:PT:intelligence:register,found,fills_gap,filled_gap
PT,record:PT:issuance_history:register,found,fills_gap,not_verified
PT,record:PT:judicial_criminal:operator,found,fills_gap,corroborated
PT,record:PT:land_property:register,found,fills_gap,not_verified
PT,record:PT:official_gazette:operator,found,fills_gap,review_disagreed
PT,record:PT:official_gazette:register,found,fills_gap,filled_gap
PT,record:PT:official_gazette:register,found,fills_gap,review_disagreed
PT,record:PT:police_records:register,no_better_found,,
PT,record:PT:public_finance:operator,found,fills_gap,corroborated
PT,record:PT:public_finance:operator,found,corrects,corroborated
PT,record:PT:residence_permits:operator,found,fills_gap,not_verified
PT,record:PT:tax:operator,found,fills_gap,holding_not_established
PT,record:PT:trust_services_pki:operator,found,fills_gap,disputed
PT,record:PT:trust_services_pki:register,found,fills_gap,not_verified
PT,record:PT:vehicle_licensing:register,found,fills_gap,not_verified
PT,record:PT:water_control:register,found,fills_gap,corroborated
RO,indicator:RO:C1,found,fills_gap,not_verified
RO,indicator:RO:C2,found,corroborates,review_disagreed
RO,indicator:RO:C2,found,corroborates,review_disagreed
RO,indicator:RO:K1,found,corroborates,review_disagreed
RO,indicator:RO:K1,found,supersedes,review_disagreed
RO,indicator:RO:K2,no_better_found,,
RO,indicator:RO:L1,not_reached,,
RO,indicator:RO:L2,found,corroborates,review_disagreed
RO,indicator:RO:L3,not_reached,,
RO,record:RO:authentication_audit_log:register,not_reached,,
RO,record:RO:beneficial_ownership:register,no_better_found,,
RO,record:RO:benefits_pensions:register,found,fills_gap,review_disagreed
RO,record:RO:benefits_pensions:register,found,fills_gap,review_disagreed
RO,record:RO:border_control:operator,no_better_found,,
RO,record:RO:border_control:register,not_reached,,
RO,record:RO:breeder_documents:count,found,fills_gap,review_disagreed
RO,record:RO:breeder_documents:count,found,fills_gap,review_disagreed
RO,record:RO:breeder_documents:register,found,fills_gap,filled_gap
RO,record:RO:breeder_documents:register,found,fills_gap,not_verified
RO,record:RO:business_registry:register,no_better_found,,
RO,record:RO:central_bank:register,no_better_found,,
RO,record:RO:civil_registry:operator,found,fills_gap,not_verified
RO,record:RO:civil_registry:register,found,fills_gap,filled_gap
RO,record:RO:civil_registry:register,found,fills_gap,not_verified
RO,record:RO:crisis_management:register,no_better_found,,
RO,record:RO:customs:register,no_better_found,,
RO,record:RO:defence_command:register,not_reached,,
RO,record:RO:digital_identity_credentials:operator,not_reached,,
RO,record:RO:digital_identity_credentials:register,not_reached,,
RO,record:RO:education:register,not_reached,,
RO,record:RO:electoral_management:register,no_better_found,,
RO,record:RO:electoral_roll:register,no_better_found,,
RO,record:RO:emergency_communications:register,no_better_found,,
RO,record:RO:facial_biometric:register,no_better_found,,
RO,record:RO:fingerprint_biometric:register,no_better_found,,
RO,record:RO:fingerprint_biometric:register,found,fills_gap,review_disagreed
RO,record:RO:firearms_register:operator,found,fills_gap,review_disagreed
RO,record:RO:firearms_register:register,no_better_found,,
RO,record:RO:firearms_register:register,found,fills_gap,not_verified
RO,record:RO:geospatial:register,no_better_found,,
RO,record:RO:grid_control:operator,no_better_found,,
RO,record:RO:grid_control:register,no_better_found,,
RO,record:RO:health_insurance:register,no_better_found,,
RO,record:RO:health_insurance:register,found,corrects,corroborated
RO,record:RO:intelligence:register,no_better_found,,
RO,record:RO:issuance_history:operator,found,fills_gap,not_verified
RO,record:RO:issuance_history:register,found,fills_gap,not_verified
RO,record:RO:issuance_history:register,found,fills_gap,not_verified
RO,record:RO:judicial_criminal:register,found,fills_gap,not_verified
RO,record:RO:judicial_criminal:register,found,fills_gap,not_verified
RO,record:RO:official_gazette:operator,found,fills_gap,not_verified
RO,record:RO:official_gazette:register,no_better_found,,
RO,record:RO:official_gazette:register,found,fills_gap,not_verified
RO,record:RO:police_records:operator,no_better_found,,
RO,record:RO:police_records:register,found,supersedes,not_verified
RO,record:RO:public_finance:operator,found,fills_gap,not_verified
RO,record:RO:public_finance:register,found,fills_gap,not_verified
RO,record:RO:public_finance:register,found,fills_gap,review_disagreed
RO,record:RO:residence_permits:register,no_better_found,,
RO,record:RO:tax:register,no_better_found,,
RO,record:RO:tax:register,found,corrects,corrected_withheld
RO,record:RO:trust_services_pki:operator,no_better_found,,
RO,record:RO:trust_services_pki:register,no_better_found,,
RO,record:RO:vehicle_licensing:register,no_better_found,,
RO,record:RO:water_control:operator,not_reached,,
RO,record:RO:water_control:register,not_reached,,
SE,indicator:SE:C1,found,corroborates,review_disagreed
SE,indicator:SE:C2,no_better_found,,
SE,indicator:SE:K1,no_better_found,,
SE,indicator:SE:K1,found,corrects,review_disagreed
SE,indicator:SE:K1,found,corrects,review_disagreed
SE,indicator:SE:K2,found,supersedes,review_disagreed
SE,indicator:SE:K2,found,supersedes,review_disagreed
SE,indicator:SE:L1,found,fills_gap,review_disagreed
SE,indicator:SE:L2,found,corroborates,corroborated
SE,indicator:SE:L3,no_better_found,,
SE,record:SE:authentication_audit_log:register,no_better_found,,
SE,record:SE:beneficial_ownership:register,found,supersedes,corroborated
SE,record:SE:benefits_pensions:operator,found,fills_gap,holding_not_established
SE,record:SE:border_control:operator,found,corroborates,review_disagreed
SE,record:SE:border_control:register,no_better_found,,
SE,record:SE:breeder_documents:register,found,fills_gap,filled_gap
SE,record:SE:business_registry:register,found,corroborates,corroborated
SE,record:SE:central_bank:register,found,fills_gap,filled_gap
SE,record:SE:central_bank:register,found,fills_gap,same_source
SE,record:SE:civil_registry:count,found,supersedes,superseded_later_same_authority
SE,record:SE:civil_registry:operator,found,corroborates,corroborated
SE,record:SE:civil_registry:register,no_better_found,,
SE,record:SE:crisis_management:register,found,fills_gap,filled_gap
SE,record:SE:crisis_management:register,found,fills_gap,review_disagreed
SE,record:SE:customs:operator,found,fills_gap,holding_not_established
SE,record:SE:defence_command:register,no_better_found,,
SE,record:SE:digital_identity_credentials:operator,found,fills_gap,filled_gap
SE,record:SE:digital_identity_credentials:register,found,fills_gap,filled_gap
SE,record:SE:education:register,found,corroborates,not_verified
SE,record:SE:electoral_management:foreign_dependency,no_better_found,,
SE,record:SE:electoral_management:register,no_better_found,,
SE,record:SE:electoral_roll:foreign_dependency,no_better_found,,
SE,record:SE:electoral_roll:foreign_dependency,no_better_found,,
SE,record:SE:electoral_roll:register,found,corroborates,review_disagreed
SE,record:SE:emergency_communications:operator,found,fills_gap,filled_gap
SE,record:SE:emergency_communications:register,found,fills_gap,filled_gap
SE,record:SE:facial_biometric:register,found,supersedes,corroborated
SE,record:SE:fingerprint_biometric:register,found,contradicts,corroborated
SE,record:SE:fingerprint_biometric:register,found,contradicts,disputed
SE,record:SE:government_payroll:count,found,fills_gap,filled_gap
SE,record:SE:government_payroll:operator,found,fills_gap,filled_gap
SE,record:SE:government_payroll:register,found,fills_gap,filled_gap
SE,record:SE:grid_control:operator,found,fills_gap,review_disagreed
SE,record:SE:grid_control:register,no_better_found,,
SE,record:SE:health_insurance:register,no_better_found,,
SE,record:SE:intelligence:register,no_better_found,,
SE,record:SE:issuance_history:count,no_better_found,,
SE,record:SE:issuance_history:register,found,supersedes,corroborated
SE,record:SE:judicial_criminal:register,found,corroborates,corroborated
SE,record:SE:land_property:operator,found,corroborates,corroborated
SE,record:SE:land_property:register,found,corroborates,corroborated
SE,record:SE:official_gazette:register,found,fills_gap,filled_gap
SE,record:SE:police_records:register,found,fills_gap,filled_gap
SE,record:SE:public_finance:operator,no_better_found,,
SE,record:SE:public_finance:register,no_better_found,,
SE,record:SE:public_health_surveillance:operator,found,corroborates,corroborated
SE,record:SE:public_health_surveillance:register,found,corroborates,corroborated
SE,record:SE:residence_permits:operator,found,fills_gap,holding_not_established
SE,record:SE:tax:operator,found,fills_gap,holding_not_established
SE,record:SE:trust_services_pki:register,no_better_found,,
SE,record:SE:vehicle_licensing:register,found,corroborates,corroborated
SE,record:SE:water_control:register,no_better_found,,
SI,indicator:SI:C1,no_better_found,,
SI,indicator:SI:C2,found,corroborates,corroborated
SI,indicator:SI:C2,found,corroborates,same_source
SI,indicator:SI:K1,found,corroborates,corroborated
SI,indicator:SI:K2,found,corroborates,corroborated
SI,indicator:SI:L1,no_better_found,,
SI,indicator:SI:L2,found,corroborates,corroborated
SI,indicator:SI:L3,no_better_found,,
SI,record:SI:authentication_audit_log:foreign_dependency,no_better_found,,
SI,record:SI:authentication_audit_log:operator,found,corroborates,review_disagreed
SI,record:SI:authentication_audit_log:register,no_better_found,,
SI,record:SI:beneficial_ownership:register,found,corroborates,corroborated
SI,record:SI:benefits_pensions:register,found,fills_gap,filled_gap
SI,record:SI:border_control:register,found,supersedes,review_disagreed
SI,record:SI:breeder_documents:register,no_better_found,,
SI,record:SI:business_registry:operator,found,fills_gap,filled_gap
SI,record:SI:business_registry:register,found,fills_gap,filled_gap
SI,record:SI:central_bank:foreign_dependency,found,corroborates,corroborated
SI,record:SI:central_bank:register,found,corroborates,corroborated
SI,record:SI:civil_registry:operator,found,supersedes,corroborated
SI,record:SI:civil_registry:register,found,corroborates,corroborated
SI,record:SI:crisis_management:register,no_better_found,,
SI,record:SI:customs:count,found,fills_gap,filled_gap
SI,record:SI:customs:register,found,supersedes,review_disagreed
SI,record:SI:defence_command:operator,found,fills_gap,holding_not_established
SI,record:SI:defence_command:register,no_better_found,,
SI,record:SI:defence_command:register,found,fills_gap,review_disagreed
SI,record:SI:digital_identity_credentials:foreign_dependency,no_better_found,,
SI,record:SI:digital_identity_credentials:operator,found,corroborates,review_disagreed
SI,record:SI:digital_identity_credentials:register,found,corroborates,corroborated
SI,record:SI:education:register,no_better_found,,
SI,record:SI:electoral_management:operator,found,fills_gap,holding_not_established
SI,record:SI:electoral_management:register,no_better_found,,
SI,record:SI:electoral_roll:count,found,fills_gap,filled_gap
SI,record:SI:electoral_roll:register,found,corroborates,corroborated
SI,record:SI:emergency_communications:register,found,corroborates,review_disagreed
SI,record:SI:facial_biometric:operator,no_better_found,,
SI,record:SI:facial_biometric:register,no_better_found,,
SI,record:SI:fingerprint_biometric:register,no_better_found,,
SI,record:SI:fingerprint_biometric:register,found,corrects,review_disagreed
SI,record:SI:firearms_register:foreign_dependency,no_better_found,,
SI,record:SI:firearms_register:register,no_better_found,,
SI,record:SI:government_payroll:foreign_dependency,found,fills_gap,filled_gap
SI,record:SI:government_payroll:register,found,corroborates,corroborated
SI,record:SI:grid_control:operator,found,corroborates,corroborated
SI,record:SI:grid_control:register,no_better_found,,
SI,record:SI:health_insurance:count,no_better_found,,
SI,record:SI:health_insurance:register,no_better_found,,
SI,record:SI:health_records:foreign_dependency,no_better_found,,
SI,record:SI:health_records:operator,no_better_found,,
SI,record:SI:health_records:register,no_better_found,,
SI,record:SI:intelligence:register,no_better_found,,
SI,record:SI:issuance_history:operator,no_better_found,,
SI,record:SI:issuance_history:register,no_better_found,,
SI,record:SI:judicial_criminal:operator,found,fills_gap,filled_gap
SI,record:SI:judicial_criminal:register,found,fills_gap,filled_gap
SI,record:SI:judicial_criminal:register,found,fills_gap,review_disagreed
SI,record:SI:land_property:register,no_better_found,,
SI,record:SI:national_archives:register,no_better_found,,
SI,record:SI:official_gazette:operator,found,fills_gap,filled_gap
SI,record:SI:official_gazette:register,found,fills_gap,filled_gap
SI,record:SI:police_records:register,no_better_found,,
SI,record:SI:public_finance:register,found,corroborates,corroborated
SI,record:SI:residence_permits:register,found,corroborates,corroborated
SI,record:SI:tax:count,found,fills_gap,review_disagreed
SI,record:SI:tax:operator,no_better_found,,
SI,record:SI:tax:register,no_better_found,,
SI,record:SI:trust_services_pki:foreign_dependency,no_better_found,,
SI,record:SI:trust_services_pki:foreign_dependency,found,corrects,corroborated
SI,record:SI:trust_services_pki:operator,found,corroborates,corroborated
SI,record:SI:trust_services_pki:register,found,corroborates,corroborated
SI,record:SI:vehicle_licensing:operator,found,fills_gap,filled_gap
SI,record:SI:vehicle_licensing:register,found,fills_gap,filled_gap
SI,record:SI:vehicle_licensing:register,found,fills_gap,review_disagreed
SI,record:SI:water_control:operator,found,fills_gap,filled_gap
SI,record:SI:water_control:register,found,fills_gap,filled_gap
SI,record:SI:water_control:register,found,fills_gap,review_disagreed
SK,indicator:SK:C1,found,corroborates,not_verified
SK,indicator:SK:C2,found,corroborates,review_disagreed
SK,indicator:SK:K1,found,corroborates,same_source
SK,indicator:SK:K2,found,corroborates,not_verified
SK,indicator:SK:L1,found,fills_gap,review_disagreed
SK,indicator:SK:L2,found,fills_gap,not_verified
SK,indicator:SK:L3,no_better_found,,
SK,record:SK:authentication_audit_log:operator,found,fills_gap,review_disagreed
SK,record:SK:authentication_audit_log:register,no_better_found,,
SK,record:SK:authentication_audit_log:register,found,fills_gap,review_disagreed
SK,record:SK:beneficial_ownership:register,found,upgrade,not_verified
SK,record:SK:benefits_pensions:register,found,upgrade,not_verified
SK,record:SK:border_control:register,found,upgrade,review_disagreed
SK,record:SK:breeder_documents:register,found,upgrade,not_verified
SK,record:SK:business_registry:register,found,upgrade,not_verified
SK,record:SK:central_bank:register,no_better_found,,
SK,record:SK:civil_registry:operator,found,upgrade,not_verified
SK,record:SK:civil_registry:register,found,upgrade,not_verified
SK,record:SK:crisis_management:register,found,upgrade,not_verified
SK,record:SK:customs:register,no_better_found,,
SK,record:SK:defence_command:register,no_better_found,,
SK,record:SK:digital_identity_credentials:operator,found,upgrade,not_verified
SK,record:SK:digital_identity_credentials:register,found,corroborates,not_verified
SK,record:SK:digital_identity_credentials:register,found,supersedes,not_verified
SK,record:SK:education:register,found,upgrade,not_verified
SK,record:SK:education:register,found,supersedes,not_verified
SK,record:SK:electoral_management:operator,found,upgrade,not_verified
SK,record:SK:electoral_management:register,found,upgrade,not_verified
SK,record:SK:electoral_roll:register,found,upgrade,not_verified
SK,record:SK:emergency_communications:register,found,upgrade,review_disagreed
SK,record:SK:facial_biometric:operator,found,upgrade,not_verified
SK,record:SK:facial_biometric:register,found,supersedes,not_verified
SK,record:SK:fingerprint_biometric:register,no_better_found,,
SK,record:SK:fingerprint_biometric:register,found,fills_gap,review_disagreed
SK,record:SK:firearms_register:register,found,upgrade,review_disagreed
SK,record:SK:geospatial:operator,found,corroborates,not_verified
SK,record:SK:geospatial:register,found,upgrade,not_verified
SK,record:SK:government_payroll:operator,found,supersedes,review_disagreed
SK,record:SK:government_payroll:register,found,supersedes,not_verified
SK,record:SK:grid_control:operator,no_better_found,,
SK,record:SK:grid_control:register,no_better_found,,
SK,record:SK:health_insurance:register,found,upgrade,not_verified
SK,record:SK:health_records:operator,found,upgrade,review_disagreed
SK,record:SK:health_records:register,found,upgrade,not_verified
SK,record:SK:intelligence:register,no_better_found,,
SK,record:SK:intelligence:register,found,fills_gap,not_verified
SK,record:SK:issuance_history:operator,found,supersedes,not_verified
SK,record:SK:issuance_history:register,found,supersedes,not_verified
SK,record:SK:judicial_criminal:register,found,upgrade,not_verified
SK,record:SK:land_property:operator,found,upgrade,not_verified
SK,record:SK:land_property:register,found,upgrade,not_verified
SK,record:SK:national_archives:operator,found,corroborates,not_verified
SK,record:SK:national_archives:register,no_better_found,,
SK,record:SK:official_gazette:operator,found,upgrade,not_verified
SK,record:SK:official_gazette:register,found,upgrade,not_verified
SK,record:SK:police_records:register,found,upgrade,review_disagreed
SK,record:SK:public_finance:operator,found,fills_gap,review_disagreed
SK,record:SK:public_finance:register,found,fills_gap,filled_gap
SK,record:SK:public_finance:register,found,fills_gap,not_verified
SK,record:SK:residence_permits:register,found,upgrade,review_disagreed
SK,record:SK:tax:operator,found,fills_gap,review_disagreed
SK,record:SK:tax:register,found,fills_gap,not_verified
SK,record:SK:tax:register,found,fills_gap,review_disagreed
SK,record:SK:trust_services_pki:operator,found,corroborates,disputed
SK,record:SK:trust_services_pki:register,found,corroborates,corroborated
SK,record:SK:vehicle_licensing:register,found,upgrade,not_verified
SK,record:SK:water_control:register,no_better_found,,
